42640.19452 0.00000 0.00000 0.00000 0.00000 0.00000 0.00000 1.00000
42640.30453 0.06348 -0.00176 -0.00307 0.00070 0.00002 0.00052 1.00000
42640.40452 0.16632 0.00184 -0.00498 0.00196 0.00054 -0.00061 1.00000
42640.51457 0.38553 -0.02730 -0.00530 0.00266 0.00118 -0.00262 0.99999
42640.61454 0.68998 -0.04636 -0.00619 0.00383 0.00145 -0.00310 0.99999
42640.71453 1.14180 -0.05066 -0.00216 0.00483 0.00117 -0.00320 0.99998
42640.82450 1.67132 -0.03412 -0.00224 0.00516 0.00126 -0.00348 0.99998
42640.92452 2.41730 -0.05376 -0.00008 0.00559 0.00186 -0.00456 0.99997
42641.03457 3.30809 -0.06534 0.00486 0.00619 0.00263 -0.00582 0.99996
42641.13453 4.37596 -0.08212 0.01000 0.00611 0.00316 -0.00615 0.99996
42641.24452 5.57223 -0.10333 0.01913 0.00587 0.00265 -0.00665 0.99996
42641.34452 6.85606 -0.12932 0.02296 0.00436 0.00168 -0.00681 0.99997
42641.44456 8.13827 -0.15880 0.03341 0.00261 0.00137 -0.00722 0.99997
42641.55471 9.43457 -0.18922 0.04116 0.00142 0.00137 -0.00752 0.99997
42641.65454 10.74360 -0.20559 0.04775 0.00114 0.00175 -0.00769 0.99997
42641.76451 12.05968 -0.22176 0.05377 0.00220 0.00284 -0.00794 0.99996
42641.86454 13.38001 -0.24272 0.05971 0.00410 0.00372 -0.00825 0.99995
42641.96465 14.69984 -0.26565 0.06918 0.00556 0.00321 -0.00808 0.99995
42642.07455 16.03098 -0.27970 0.06968 0.00598 0.00231 -0.00801 0.99995
42642.17446 17.34604 -0.30296 0.09426 0.00502 0.00203 -0.00827 0.99995
42642.28452 18.68666 -0.33073 0.09128 0.00341 0.00238 -0.00874 0.99995
42642.38450 20.03478 -0.35705 0.09973 0.00285 0.00436 -0.00924 0.99994
42642.49462 21.39107 -0.38612 0.09162 0.00432 0.00487 -0.00968 0.99993
42642.59451 22.71476 -0.41867 0.10081 0.00572 0.00458 -0.00994 0.99992
42642.69447 24.05110 -0.43871 0.09824 0.00620 0.00378 -0.01003 0.99992
42642.80441 25.39261 -0.46909 0.11137 0.00611 0.00327 -0.01051 0.99992
42642.90445 26.74857 -0.50217 0.11079 0.00469 0.00297 -0.01082 0.99993
42643.01457 28.09800 -0.52274 0.11735 0.00419 0.00237 -0.01127 0.99992
42643.11448 29.45900 -0.54456 0.12003 0.00361 0.00250 -0.01153 0.99992
42643.21448 30.82459 -0.56809 0.13135 0.00350 0.00309 -0.01155 0.99992
42643.32448 32.19786 -0.60373 0.13552 0.00267 0.00365 -0.01149 0.99992
42643.42449 33.56391 -0.62652 0.13870 0.00176 0.00376 -0.01152 0.99992
42643.53449 34.93824 -0.65757 0.14166 0.00071 0.00381 -0.01152 0.99993
42643.63449 36.30934 -0.68212 0.14502 -0.00034 0.00412 -0.01154 0.99992
42643.74449 37.68811 -0.71811 0.14421 -0.00051 0.00427 -0.01143 0.99993
42643.84453 39.07153 -0.74734 0.14636 0.00015 0.00442 -0.01129 0.99993
42643.94445 40.47680 -0.76549 0.15305 0.00031 0.00430 -0.01118 0.99993
42644.05463 41.88075 -0.78978 0.15530 0.00040 0.00445 -0.01090 0.99993
42644.15448 43.28523 -0.82178 0.15826 0.00074 0.00497 -0.01050 0.99993
42644.26447 44.70120 -0.85551 0.16110 0.00046 0.00499 -0.00977 0.99994
42644.36443 46.11673 -0.88885 0.16351 0.00046 0.00503 -0.00899 0.99995
42644.46468 47.51673 -0.90724 0.16664 0.00035 0.00549 -0.00848 0.99995
42644.57447 48.90543 -0.91860 0.16707 0.00088 0.00597 -0.00821 0.99995
42644.67445 50.28807 -0.93778 0.17061 0.00169 0.00623 -0.00803 0.99995
42644.78444 51.65858 -0.94909 0.17238 0.00253 0.00610 -0.00797 0.99995
42644.88446 53.02720 -0.96428 0.17811 0.00265 0.00639 -0.00796 0.99994
42644.98459 54.40395 -0.98610 0.17823 0.00338 0.00679 -0.00806 0.99994
42645.09446 55.79449 -1.00816 0.18189 0.00362 0.00729 -0.00837 0.99993
42645.19444 57.18967 -1.02737 0.18173 0.00418 0.00738 -0.00837 0.99993
42645.30444 58.59116 -1.04853 0.17290 0.00505 0.00689 -0.00855 0.99993
42645.40445 59.96633 -1.06725 0.17353 0.00495 0.00685 -0.00904 0.99992
42645.51446 61.30629 -1.09113 0.17324 0.00430 0.00675 -0.00907 0.99993
42645.61444 62.66381 -1.11094 0.16972 0.00327 0.00730 -0.00924 0.99993
42645.71440 64.05014 -1.12226 0.17081 0.00132 0.00797 -0.00963 0.99992
42645.82443 65.45129 -1.14310 0.16792 -0.00011 0.00843 -0.00971 0.99992
42645.92440 66.86021 -1.16366 0.16209 -0.00207 0.00843 -0.00979 0.99991
42646.03451 68.26420 -1.18516 0.15754 -0.00370 0.00820 -0.00972 0.99991
42646.13442 69.64978 -1.20170 0.15379 -0.00467 0.00825 -0.01024 0.99990
42646.23440 71.04302 -1.22443 0.14986 -0.00504 0.00837 -0.01029 0.99990
42646.34439 72.40165 -1.24403 0.14653 -0.00493 0.00839 -0.01043 0.99990
42646.44438 73.77630 -1.27203 0.14238 -0.00450 0.00798 -0.01006 0.99991
42646.55440 75.13554 -1.29605 0.14199 -0.00470 0.00790 -0.00959 0.99991
42646.65440 76.49137 -1.31403 0.13807 -0.00491 0.00813 -0.00919 0.99991
42646.76444 77.87514 -1.33586 0.13883 -0.00516 0.00813 -0.00864 0.99992
42646.86461 79.23164 -1.35296 0.13311 -0.00553 0.00847 -0.00795 0.99992
42646.96458 80.56506 -1.37096 0.12968 -0.00522 0.00882 -0.00730 0.99992
42647.07443 81.90237 -1.37989 0.12764 -0.00529 0.00946 -0.00625 0.99992
42647.17439 83.24236 -1.39383 0.12647 -0.00470 0.01018 -0.00529 0.99992
42647.28437 84.58078 -1.39988 0.11818 -0.00399 0.01028 -0.00438 0.99993
42647.38437 85.92557 -1.40571 0.11204 -0.00345 0.01028 -0.00395 0.99993
42647.48460 87.25488 -1.41244 0.10590 -0.00317 0.01025 -0.00334 0.99994
42647.59438 88.60506 -1.40690 0.09660 -0.00323 0.01011 -0.00303 0.99994
42647.69440 89.97134 -1.39638 0.08290 -0.00279 0.00999 -0.00294 0.99994
42647.80442 91.31396 -1.38596 0.08022 -0.00378 0.00983 -0.00283 0.99994
42647.90435 92.65527 -1.38140 0.07235 -0.00485 0.01010 -0.00271 0.99993
42648.00461 94.00203 -1.37559 0.06305 -0.00509 0.01067 -0.00266 0.99993
42648.11438 95.37351 -1.36783 0.05310 -0.00608 0.01122 -0.00241 0.99992
42648.21436 96.73135 -1.35871 0.04133 -0.00618 0.01074 -0.00229 0.99992
42648.32436 98.06443 -1.35497 0.02775 -0.00649 0.00966 -0.00196 0.99993
42648.42434 99.38191 -1.35165 0.01398 -0.00657 0.00910 -0.00168 0.99994
42648.52461 100.70810 -1.34896 0.00812 -0.00625 0.00954 -0.00137 0.99993
42648.63437 102.03970 -1.34317 -0.00057 -0.00521 0.01068 -0.00149 0.99993
42648.73437 103.35284 -1.33542 -0.00642 -0.00472 0.01108 -0.00174 0.99993
42648.84438 104.68071 -1.32365 -0.01505 -0.00477 0.01077 -0.00195 0.99993
42648.94436 105.96863 -1.31962 -0.02265 -0.00566 0.01004 -0.00213 0.99993
42649.05454 107.27711 -1.31125 -0.03381 -0.00645 0.00930 -0.00215 0.99993
42649.15436 108.57112 -1.30771 -0.04437 -0.00801 0.00907 -0.00286 0.99992
42649.25441 109.86249 -1.30240 -0.05531 -0.00859 0.00994 -0.00355 0.99991
42649.36440 111.17026 -1.30199 -0.06567 -0.00882 0.01081 -0.00389 0.99990
42649.46453 112.49242 -1.30233 -0.07692 -0.00883 0.01119 -0.00416 0.99989
42649.57440 113.81091 -1.31000 -0.09187 -0.00892 0.01104 -0.00436 0.99989
42649.67432 115.10220 -1.31606 -0.10133 -0.01056 0.01072 -0.00484 0.99988
42649.77432 116.40632 -1.31926 -0.11456 -0.01166 0.01063 -0.00531 0.99986
42649.88434 117.73051 -1.32641 -0.12808 -0.01195 0.01014 -0.00519 0.99986
42649.98459 119.04933 -1.34068 -0.13685 -0.01270 0.00994 -0.00556 0.99985
42650.09429 120.35725 -1.34746 -0.14559 -0.01298 0.00978 -0.00577 0.99985
42650.19433 121.71169 -1.34964 -0.15133 -0.01366 0.01041 -0.00616 0.99983
42650.29434 123.04046 -1.35558 -0.16405 -0.01359 0.01078 -0.00629 0.99983
42650.40437 124.37346 -1.36819 -0.17382 -0.01345 0.01072 -0.00635 0.99983
42650.50448 125.72325 -1.37986 -0.18426 -0.01337 0.01073 -0.00639 0.99983
42650.61437 127.06492 -1.38881 -0.19755 -0.01305 0.01128 -0.00637 0.99983
42650.71432 128.40339 -1.39664 -0.20977 -0.01245 0.01116 -0.00590 0.99984
42650.82430 129.75042 -1.40164 -0.22140 -0.01236 0.01137 -0.00522 0.99985
42650.92432 131.09516 -1.41081 -0.23446 -0.01206 0.01172 -0.00453 0.99985
42651.02459 132.44551 -1.42072 -0.24750 -0.01177 0.01209 -0.00381 0.99985
42651.13431 133.80460 -1.42827 -0.26023 -0.01165 0.01244 -0.00308 0.99985
42651.23430 135.15302 -1.43348 -0.27917 -0.01201 0.01247 -0.00247 0.99985
42651.34435 136.50350 -1.43748 -0.30377 -0.01231 0.01243 -0.00192 0.99985
42651.44429 137.85522 -1.43992 -0.32287 -0.01164 0.01154 -0.00148 0.99986
42651.54435 139.20130 -1.44245 -0.33607 -0.00960 0.01131 -0.00095 0.99989
42651.65430 140.54432 -1.45302 -0.35089 -0.00642 0.01241 -0.00030 0.99990
42651.75449 141.87638 -1.45617 -0.36422 -0.00258 0.01338 0.00034 0.99991
42651.86430 143.19119 -1.45510 -0.37599 -0.00093 0.01246 0.00094 0.99992
42651.96435 144.49507 -1.45196 -0.39502 -0.00055 0.01107 0.00096 0.99994
42652.06436 145.78888 -1.44323 -0.41203 -0.00179 0.01033 0.00060 0.99994
42652.17428 147.10126 -1.44003 -0.42464 -0.00227 0.01055 0.00019 0.99994
42652.27431 148.42135 -1.43765 -0.43794 -0.00155 0.01183 -0.00022 0.99993
42652.38430 149.74821 -1.43753 -0.44850 0.00059 0.01342 -0.00077 0.99991
42652.48454 151.05834 -1.44142 -0.46961 0.00240 0.01378 -0.00080 0.99990
42652.59428 152.33661 -1.43851 -0.48299 0.00275 0.01410 -0.00081 0.99990
42652.69427 153.62685 -1.43162 -0.50516 0.00199 0.01454 -0.00144 0.99989
42652.79426 154.92993 -1.42272 -0.53004 0.00069 0.01432 -0.00172 0.99990
42652.90425 156.22251 -1.42581 -0.55642 -0.00077 0.01357 -0.00184 0.99991
42653.00443 157.49401 -1.43473 -0.58125 -0.00217 0.01311 -0.00198 0.99991
42653.11427 158.76227 -1.44047 -0.60589 -0.00285 0.01364 -0.00202 0.99990
42653.21426 160.02142 -1.44108 -0.62621 -0.00338 0.01387 -0.00151 0.99990
42653.31428 161.26347 -1.44369 -0.64334 -0.00491 0.01296 -0.00095 0.99990
42653.42426 162.54148 -1.43965 -0.66150 -0.00669 0.01166 -0.00038 0.99991
42653.52445 163.83132 -1.43367 -0.67736 -0.00929 0.01128 0.00015 0.99989
42653.63426 165.14812 -1.42562 -0.69627 -0.01135 0.01164 0.00043 0.99987
42653.73425 166.48616 -1.41078 -0.71141 -0.01298 0.01264 0.00075 0.99984
42653.84428 167.86223 -1.39247 -0.73294 -0.01374 0.01346 0.00110 0.99981
42653.94425 169.22467 -1.38314 -0.76041 -0.01275 0.01388 0.00182 0.99982
42654.04433 170.60468 -1.37672 -0.78395 -0.01177 0.01405 0.00293 0.99983
42654.15443 171.97907 -1.36327 -0.80230 -0.01208 0.01239 0.00424 0.99984
42654.25443 173.32925 -1.34784 -0.81828 -0.01394 0.01044 0.00534 0.99983
42654.36426 174.72085 -1.32200 -0.83663 -0.01606 0.01012 0.00638 0.99980
42654.46438 176.09608 -1.29165 -0.84541 -0.01851 0.01084 0.00668 0.99975
42654.56426 177.48964 -1.26180 -0.86239 -0.01989 0.01216 0.00669 0.99971
42654.67421 178.87407 -1.23131 -0.87822 -0.02101 0.01300 0.00692 0.99967
42654.77421 180.27857 -1.20576 -0.89833 -0.02172 0.01329 0.00683 0.99965
42654.88428 181.67699 -1.18104 -0.91517 -0.02210 0.01352 0.00702 0.99964
42654.98439 183.07329 -1.15635 -0.93010 -0.02204 0.01387 0.00706 0.99964
42655.09425 184.47778 -1.13202 -0.94470 -0.02189 0.01428 0.00684 0.99963
42655.19424 185.88134 -1.11359 -0.96563 -0.02158 0.01453 0.00680 0.99964
42655.29420 187.24608 -1.09721 -0.98246 -0.02143 0.01508 0.00677 0.99963
42655.40422 188.61670 -1.07745 -1.00530 -0.02001 0.01543 0.00677 0.99966
42655.50430 189.96983 -1.05076 -1.02344 -0.02117 0.01403 0.00686 0.99965
42655.61421 191.30416 -1.03111 -1.04705 -0.02421 0.01188 0.00659 0.99961
42655.71422 192.62647 -1.00536 -1.06923 -0.02873 0.01176 0.00608 0.99950
42655.81425 193.97128 -0.97985 -1.09512 -0.03236 0.01319 0.00582 0.99937
42655.92423 195.35273 -0.95637 -1.12181 -0.03299 0.01432 0.00575 0.99934
42656.02459 196.74933 -0.93698 -1.15085 -0.03255 0.01454 0.00618 0.99935
42656.13422 198.17033 -0.92301 -1.17476 -0.03142 0.01473 0.00691 0.99937
42656.23422 199.58670 -0.90057 -1.19607 -0.03078 0.01472 0.00754 0.99939
42656.33418 201.01511 -0.87453 -1.22309 -0.03078 0.01466 0.00804 0.99939
42656.44422 202.46284 -0.85112 -1.25167 -0.03157 0.01474 0.00803 0.99936
42656.54423 203.92079 -0.82915 -1.28386 -0.03196 0.01526 0.00814 0.99934
42656.65432 205.37819 -0.80403 -1.31517 -0.03167 0.01509 0.00854 0.99935
42656.75422 206.80711 -0.77095 -1.34367 -0.03172 0.01478 0.00918 0.99935
42656.86422 208.24085 -0.74210 -1.36802 -0.03207 0.01493 0.00952 0.99933
42656.96435 209.69401 -0.71037 -1.39874 -0.03238 0.01508 0.00976 0.99931
42657.06427 211.16959 -0.67764 -1.42724 -0.03253 0.01510 0.01013 0.99931
42657.17417 212.63436 -0.64892 -1.46279 -0.03210 0.01484 0.01024 0.99932
42657.27420 214.09031 -0.61586 -1.49647 -0.03218 0.01498 0.01065 0.99931
42657.38419 215.55827 -0.58523 -1.52545 -0.03235 0.01485 0.01092 0.99931
42657.48429 217.01538 -0.54935 -1.55479 -0.03256 0.01492 0.01115 0.99930
42657.58419 218.51872 -0.51259 -1.58269 -0.03266 0.01488 0.01132 0.99929
42657.69419 220.01684 -0.47547 -1.61079 -0.03274 0.01502 0.01155 0.99928
42657.79417 221.47664 -0.43559 -1.63582 -0.03288 0.01526 0.01189 0.99927
42657.90417 222.93105 -0.39726 -1.66700 -0.03208 0.01568 0.01214 0.99929
42658.00433 224.38009 -0.35907 -1.69947 -0.03202 0.01588 0.01231 0.99929
42658.10417 225.82943 -0.31821 -1.72924 -0.03249 0.01592 0.01260 0.99927
42658.21418 227.28350 -0.27378 -1.75953 -0.03281 0.01571 0.01266 0.99926
42658.31415 228.76647 -0.23577 -1.79104 -0.03358 0.01622 0.01256 0.99923
42658.42419 230.24137 -0.19884 -1.82703 -0.03410 0.01698 0.01225 0.99920
42658.52433 231.72267 -0.16151 -1.85844 -0.03454 0.01709 0.01188 0.99919
42658.63418 233.19045 -0.11647 -1.89497 -0.03478 0.01655 0.01176 0.99919
42658.73417 234.65354 -0.07574 -1.92767 -0.03501 0.01601 0.01170 0.99919
42658.83413 236.13081 -0.03813 -1.96306 -0.03582 0.01623 0.01174 0.99916
42658.94409 237.62322 -0.00046 -1.99880 -0.03573 0.01667 0.01198 0.99915
42659.04418 239.13622 0.03859 -2.03493 -0.03581 0.01702 0.01207 0.99914
42659.15417 240.66075 0.08300 -2.07436 -0.03611 0.01715 0.01250 0.99912
42659.25430 242.18944 0.11871 -2.11181 -0.03681 0.01734 0.01251 0.99909
42659.35427 243.68217 0.16092 -2.14830 -0.03757 0.01743 0.01243 0.99906
42659.46434 245.18558 0.19771 -2.18838 -0.03774 0.01755 0.01251 0.99906
42659.56424 246.67706 0.24434 -2.22186 -0.03771 0.01790 0.01273 0.99905
42659.67414 248.21551 0.28984 -2.26448 -0.03719 0.01832 0.01281 0.99906
42659.77416 249.74268 0.32356 -2.30038 -0.03664 0.01874 0.01282 0.99907
42659.87426 251.25674 0.36879 -2.34370 -0.03608 0.01852 0.01300 0.99909
42659.98418 252.78723 0.42346 -2.38159 -0.03584 0.01831 0.01319 0.99910
42660.08416 254.32526 0.46189 -2.41750 -0.03534 0.01905 0.01272 0.99911
42660.19412 255.84775 0.50539 -2.46457 -0.03421 0.01977 0.01257 0.99914
42660.29414 257.34827 0.54893 -2.50767 -0.03341 0.01974 0.01262 0.99917
42660.39414 258.82542 0.58755 -2.54809 -0.03294 0.01939 0.01221 0.99919
42660.50425 260.28776 0.61419 -2.59174 -0.03310 0.01928 0.01144 0.99920
42660.60415 261.73632 0.64275 -2.62922 -0.03410 0.01937 0.01061 0.99917
42660.71412 263.21134 0.67614 -2.66705 -0.03495 0.01948 0.01021 0.99915
42660.81410 264.70350 0.72141 -2.71224 -0.03547 0.01968 0.00999 0.99913
42660.91407 266.19718 0.76528 -2.75864 -0.03544 0.01968 0.00954 0.99913
42661.02443 267.68950 0.80750 -2.80201 -0.03546 0.01962 0.00950 0.99913
42661.12414 269.15931 0.84641 -2.84260 -0.03514 0.01961 0.00926 0.99915
42661.23410 270.62431 0.88870 -2.88412 -0.03470 0.01988 0.00901 0.99916
42661.33409 272.10415 0.91548 -2.92685 -0.03450 0.02034 0.00883 0.99916
42661.43409 273.59260 0.94129 -2.96774 -0.03408 0.02073 0.00852 0.99917
42661.54412 275.11142 0.97735 -3.01220 -0.03338 0.01984 0.00847 0.99921
42661.64410 276.63572 1.00598 -3.05823 -0.03332 0.01907 0.00852 0.99923
42661.75426 278.16779 1.03759 -3.09968 -0.03326 0.01925 0.00888 0.99922
42661.85422 279.68460 1.06725 -3.14300 -0.03296 0.01941 0.00927 0.99923
42661.95427 281.20491 1.09762 -3.18387 -0.03274 0.01952 0.00982 0.99922
42662.06413 282.74253 1.13257 -3.22711 -0.03327 0.01953 0.01028 0.99920
42662.16410 284.27989 1.17490 -3.27737 -0.03332 0.01988 0.01090 0.99919
42662.27410 285.81387 1.21525 -3.32234 -0.03332 0.02016 0.01131 0.99918
42662.37425 287.38163 1.24616 -3.37181 -0.03339 0.02098 0.01222 0.99915
42662.47419 288.93870 1.28196 -3.42104 -0.03410 0.02183 0.01258 0.99910
42662.58408 290.49984 1.32040 -3.48013 -0.03424 0.02186 0.01230 0.99910
42662.68414 292.05501 1.36498 -3.53396 -0.03460 0.02207 0.01203 0.99908
42662.79405 293.56496 1.41667 -3.59185 -0.03386 0.02222 0.01171 0.99911
42662.89417 295.10356 1.46014 -3.65399 -0.03243 0.02195 0.01129 0.99917
42663.00421 296.65621 1.47444 -3.70377 -0.03142 0.02126 0.01129 0.99922
42663.10409 298.19601 1.49450 -3.75360 -0.03151 0.02086 0.01129 0.99922
42663.20407 299.75397 1.52877 -3.80185 -0.03189 0.02051 0.01230 0.99921
42663.31407 301.30554 1.55653 -3.85049 -0.03246 0.02082 0.01343 0.99917
42663.41408 302.89313 1.60917 -3.90363 -0.03308 0.02252 0.01415 0.99910
42663.52427 304.49712 1.64790 -3.96293 -0.03220 0.02410 0.01403 0.99909
42663.62406 306.08340 1.69678 -4.02374 -0.03180 0.02455 0.01416 0.99909
42663.72405 307.70060 1.73341 -4.08352 -0.03117 0.02412 0.01387 0.99913
42663.83406 309.30876 1.77657 -4.14550 -0.03090 0.02423 0.01402 0.99913
42663.93401 310.90085 1.81736 -4.20601 -0.03085 0.02441 0.01380 0.99913
42664.04408 312.47841 1.85789 -4.26030 -0.03080 0.02461 0.01379 0.99913
42664.14405 314.05050 1.90974 -4.32113 -0.03142 0.02436 0.01343 0.99912
42664.24410 315.62879 1.94100 -4.37954 -0.03179 0.02410 0.01309 0.99912
42664.35411 317.22011 1.97868 -4.44227 -0.03147 0.02467 0.01273 0.99912
42664.45416 318.79839 2.01694 -4.50020 -0.03106 0.02507 0.01251 0.99912
42664.56404 320.37147 2.05306 -4.55701 -0.03100 0.02476 0.01243 0.99914
42664.66403 321.95045 2.08886 -4.60753 -0.03131 0.02514 0.01244 0.99912
42664.76401 323.52576 2.12930 -4.67622 -0.03201 0.02434 0.01259 0.99911
42664.87418 325.10064 2.16931 -4.73104 -0.03293 0.02315 0.01271 0.99911
42664.97425 326.66335 2.20336 -4.78625 -0.03350 0.02344 0.01309 0.99908
42665.08405 328.21326 2.24915 -4.83952 -0.03403 0.02496 0.01329 0.99902
42665.18402 329.77410 2.28741 -4.90322 -0.03447 0.02615 0.01390 0.99897
42665.28401 331.32720 2.32812 -4.96678 -0.03470 0.02589 0.01456 0.99896
42665.39398 332.87951 2.36820 -5.02698 -0.03460 0.02547 0.01500 0.99896
42665.49410 334.39316 2.40226 -5.08786 -0.03407 0.02609 0.01552 0.99896
42665.60399 335.91191 2.43525 -5.14294 -0.03344 0.02652 0.01596 0.99896
42665.70401 337.41638 2.47654 -5.20550 -0.03324 0.02634 0.01607 0.99897
42665.80404 338.94213 2.51007 -5.26655 -0.03310 0.02616 0.01603 0.99898
42665.91398 340.46954 2.56628 -5.33495 -0.03295 0.02611 0.01610 0.99899
42666.01417 341.97384 2.60042 -5.39483 -0.03260 0.02618 0.01620 0.99899
42666.12401 343.47112 2.63906 -5.45382 -0.03222 0.02607 0.01611 0.99901
42666.22401 344.99611 2.67464 -5.51111 -0.03211 0.02580 0.01606 0.99902
42666.33402 346.52498 2.72840 -5.57441 -0.03192 0.02596 0.01608 0.99902
42666.43402 348.05235 2.77428 -5.63651 -0.03188 0.02573 0.01633 0.99903
42666.53401 349.59369 2.81269 -5.69797 -0.03126 0.02516 0.01616 0.99906
42666.64403 351.13182 2.84959 -5.76553 -0.03065 0.02566 0.01595 0.99907
42666.74399 352.67457 2.89437 -5.82724 -0.02964 0.02621 0.01590 0.99909
42666.85415 354.22222 2.93251 -5.89238 -0.02926 0.02591 0.01593 0.99911
42666.95415 355.78548 2.97774 -5.95927 -0.02979 0.02570 0.01566 0.99910
42667.05418 357.36864 3.04367 -6.03256 -0.03057 0.02596 0.01542 0.99908
42667.16394 358.96662 3.10279 -6.10058 -0.03109 0.02616 0.01505 0.99906
42667.26397 360.52490 3.14736 -6.16587 -0.03112 0.02607 0.01459 0.99907
42667.37409 362.09710 3.19941 -6.23560 -0.03128 0.02592 0.01437 0.99907
42667.47413 363.65852 3.24239 -6.30302 -0.03147 0.02591 0.01407 0.99907
42667.57400 365.25004 3.27322 -6.36810 -0.03160 0.02585 0.01385 0.99907
42667.68395 366.83552 3.31604 -6.43618 -0.03213 0.02594 0.01342 0.99906
42667.78395 368.45713 3.34881 -6.50541 -0.03277 0.02607 0.01321 0.99904
42667.89396 370.03882 3.39071 -6.57208 -0.03324 0.02599 0.01322 0.99902
42667.99402 371.62431 3.43863 -6.63522 -0.03375 0.02590 0.01325 0.99901
42668.09395 373.21289 3.46799 -6.70190 -0.03434 0.02618 0.01341 0.99898
42668.20400 374.80364 3.50235 -6.77457 -0.03560 0.02672 0.01370 0.99892
42668.30394 376.40838 3.52578 -6.84329 -0.03606 0.02688 0.01400 0.99889
42668.41394 378.01650 3.55287 -6.91197 -0.03693 0.02687 0.01406 0.99886
42668.51396 379.61096 3.59395 -6.98419 -0.03734 0.02708 0.01418 0.99883
42668.62395 381.20861 3.63775 -7.05941 -0.03715 0.02745 0.01404 0.99883
42668.72394 382.79636 3.67477 -7.12811 -0.03714 0.02715 0.01386 0.99884
42668.82392 384.40434 3.71815 -7.19617 -0.03726 0.02690 0.01335 0.99885
42668.93392 386.00694 3.75686 -7.26543 -0.03748 0.02720 0.01355 0.99884
42669.03397 387.62351 3.79654 -7.33836 -0.03759 0.02774 0.01318 0.99882
42669.14392 389.23355 3.83483 -7.40679 -0.03722 0.02860 0.01289 0.99881
42669.24391 390.83262 3.87435 -7.47550 -0.03637 0.02854 0.01277 0.99885
42669.34392 392.42294 3.91022 -7.54683 -0.03588 0.02808 0.01273 0.99888
42669.45414 394.02547 3.93965 -7.61703 -0.03567 0.02838 0.01281 0.99888
