42640.30453 0.00000 0.00000 0.00000 0.00000 0.00000 0.00000 1.00000
42640.40452 0.10126 0.00636 -0.00193 0.00125 0.00056 -0.00119 1.00000
42640.51457 0.32136 -0.02112 -0.00222 0.00195 0.00120 -0.00324 0.99999
42640.61454 0.62482 -0.03980 -0.00313 0.00312 0.00146 -0.00374 0.99999
42640.71453 1.07667 -0.04467 0.00089 0.00412 0.00119 -0.00383 0.99998
42640.82450 1.60620 -0.02880 0.00077 0.00445 0.00128 -0.00412 0.99998
42640.92452 2.35216 -0.04938 0.00292 0.00487 0.00187 -0.00520 0.99997
42641.03457 3.24293 -0.06209 0.00784 0.00548 0.00264 -0.00646 0.99996
42641.13453 4.31078 -0.08022 0.01296 0.00539 0.00317 -0.00679 0.99996
42641.24452 5.50702 -0.10293 0.02207 0.00516 0.00267 -0.00729 0.99996
42641.34452 6.79082 -0.13055 0.02588 0.00364 0.00169 -0.00745 0.99996
42641.44456 8.07299 -0.16164 0.03633 0.00189 0.00138 -0.00786 0.99997
42641.55471 9.36925 -0.19369 0.04407 0.00071 0.00138 -0.00816 0.99997
42641.65454 10.67826 -0.21171 0.05063 0.00042 0.00177 -0.00832 0.99996
42641.76451 11.99432 -0.22954 0.05662 0.00149 0.00285 -0.00858 0.99996
42641.86454 13.31463 -0.25217 0.06253 0.00339 0.00373 -0.00889 0.99995
42641.96465 14.63442 -0.27676 0.07198 0.00485 0.00322 -0.00872 0.99995
42642.07455 15.96555 -0.29251 0.07244 0.00527 0.00232 -0.00864 0.99995
42642.17446 17.28058 -0.31740 0.09701 0.00431 0.00204 -0.00890 0.99995
42642.28452 18.62115 -0.34687 0.09401 0.00269 0.00240 -0.00938 0.99995
42642.38450 19.96924 -0.37489 0.10244 0.00214 0.00437 -0.00987 0.99994
42642.49462 21.32550 -0.40570 0.09432 0.00361 0.00488 -0.01032 0.99993
42642.59451 22.64914 -0.43991 0.10350 0.00501 0.00460 -0.01058 0.99992
42642.69447 23.98546 -0.46165 0.10091 0.00549 0.00379 -0.01067 0.99992
42642.80441 25.32693 -0.49372 0.11402 0.00539 0.00327 -0.01114 0.99992
42642.90445 26.68284 -0.52851 0.11343 0.00398 0.00298 -0.01145 0.99992
42643.01457 28.03225 -0.55078 0.11997 0.00347 0.00238 -0.01190 0.99992
42643.11448 29.39322 -0.57433 0.12262 0.00289 0.00251 -0.01217 0.99992
42643.21448 30.75878 -0.59957 0.13392 0.00279 0.00310 -0.01218 0.99992
42643.32448 32.13200 -0.63696 0.13809 0.00196 0.00366 -0.01212 0.99992
42643.42449 33.49803 -0.66147 0.14124 0.00105 0.00377 -0.01216 0.99992
42643.53449 34.87231 -0.69426 0.14419 0.00000 0.00382 -0.01216 0.99992
42643.63449 36.24338 -0.72054 0.14753 -0.00105 0.00413 -0.01218 0.99992
42643.74449 37.62210 -0.75828 0.14672 -0.00122 0.00428 -0.01207 0.99992
42643.84453 39.00548 -0.78927 0.14885 -0.00056 0.00443 -0.01193 0.99992
42643.94445 40.41073 -0.80919 0.15551 -0.00040 0.00431 -0.01181 0.99992
42644.05463 41.81465 -0.83527 0.15774 -0.00031 0.00447 -0.01153 0.99992
42644.15448 43.21909 -0.86904 0.16069 0.00003 0.00498 -0.01114 0.99993
42644.26447 44.63502 -0.90456 0.16352 -0.00025 0.00500 -0.01041 0.99993
42644.36443 46.05050 -0.93970 0.16591 -0.00025 0.00504 -0.00963 0.99994
42644.46468 47.45048 -0.95986 0.16902 -0.00036 0.00550 -0.00912 0.99994
42644.57447 48.83916 -0.97298 0.16940 0.00017 0.00598 -0.00885 0.99994
42644.67445 50.22177 -0.99391 0.17291 0.00098 0.00624 -0.00867 0.99994
42644.78444 51.59227 -1.00696 0.17464 0.00182 0.00611 -0.00861 0.99994
42644.88446 52.96087 -1.02387 0.18034 0.00194 0.00640 -0.00860 0.99994
42644.98459 54.33759 -1.04744 0.18043 0.00267 0.00680 -0.00870 0.99994
42645.09446 55.72811 -1.07126 0.18407 0.00291 0.00730 -0.00901 0.99993
42645.19444 57.12326 -1.09224 0.18388 0.00347 0.00739 -0.00901 0.99993
42645.30444 58.52472 -1.11519 0.17502 0.00434 0.00690 -0.00919 0.99992
42645.40445 59.89986 -1.13565 0.17562 0.00424 0.00686 -0.00968 0.99992
42645.51446 61.23979 -1.16123 0.17531 0.00359 0.00677 -0.00971 0.99992
42645.61444 62.59729 -1.18277 0.17177 0.00256 0.00732 -0.00988 0.99992
42645.71440 63.98360 -1.19585 0.17282 0.00061 0.00798 -0.01027 0.99992
42645.82443 65.38473 -1.21848 0.16989 -0.00082 0.00844 -0.01035 0.99991
42645.92440 66.79361 -1.24083 0.16404 -0.00277 0.00845 -0.01043 0.99991
42646.03451 68.19758 -1.26412 0.15946 -0.00441 0.00822 -0.01036 0.99990
42646.13442 69.58313 -1.28243 0.15568 -0.00538 0.00826 -0.01088 0.99989
42646.23440 70.97635 -1.30692 0.15172 -0.00575 0.00838 -0.01093 0.99989
42646.34439 72.33494 -1.32826 0.14837 -0.00564 0.00841 -0.01107 0.99989
42646.44438 73.70956 -1.35800 0.14419 -0.00521 0.00800 -0.01070 0.99990
42646.55440 75.06877 -1.38376 0.14379 -0.00541 0.00791 -0.01023 0.99990
42646.65440 76.42458 -1.40346 0.13984 -0.00562 0.00815 -0.00983 0.99990
42646.76444 77.80831 -1.42704 0.14057 -0.00586 0.00814 -0.00928 0.99991
42646.86461 79.16480 -1.44587 0.13482 -0.00624 0.00849 -0.00859 0.99991
42646.96458 80.49819 -1.46557 0.13136 -0.00593 0.00884 -0.00794 0.99991
42647.07443 81.83548 -1.47619 0.12928 -0.00599 0.00948 -0.00689 0.99991
42647.17439 83.17546 -1.49184 0.12808 -0.00540 0.01020 -0.00593 0.99992
42647.28437 84.51387 -1.49960 0.11974 -0.00469 0.01030 -0.00503 0.99992
42647.38437 85.85865 -1.50715 0.11355 -0.00416 0.01030 -0.00459 0.99993
42647.48460 87.18795 -1.51557 0.10737 -0.00387 0.01027 -0.00398 0.99993
42647.59438 88.53813 -1.51176 0.09800 -0.00393 0.01013 -0.00367 0.99993
42647.69440 89.90443 -1.50299 0.08423 -0.00349 0.01001 -0.00358 0.99994
42647.80442 91.24706 -1.49428 0.08148 -0.00449 0.00985 -0.00347 0.99994
42647.90435 92.58837 -1.49143 0.07355 -0.00556 0.01012 -0.00335 0.99993
42648.00461 93.93514 -1.48734 0.06419 -0.00580 0.01069 -0.00330 0.99992
42648.11438 95.30663 -1.48134 0.05417 -0.00678 0.01125 -0.00305 0.99991
42648.21436 96.66448 -1.47396 0.04233 -0.00689 0.01076 -0.00294 0.99991
42648.32436 97.99756 -1.47193 0.02869 -0.00719 0.00968 -0.00260 0.99992
42648.42434 99.31505 -1.47030 0.01486 -0.00728 0.00912 -0.00233 0.99993
42648.52461 100.64124 -1.46931 0.00894 -0.00696 0.00957 -0.00201 0.99993
42648.63437 101.97284 -1.46522 0.00019 -0.00591 0.01070 -0.00214 0.99992
42648.73437 103.28599 -1.45914 -0.00573 -0.00543 0.01110 -0.00238 0.99992
42648.84438 104.61388 -1.44907 -0.01443 -0.00547 0.01080 -0.00259 0.99992
42648.94436 105.90180 -1.44669 -0.02208 -0.00636 0.01006 -0.00277 0.99993
42649.05454 107.21029 -1.43999 -0.03330 -0.00716 0.00933 -0.00280 0.99993
42649.15436 108.50430 -1.43811 -0.04392 -0.00872 0.00909 -0.00350 0.99991
42649.25441 109.79567 -1.43445 -0.05492 -0.00929 0.00996 -0.00419 0.99990
42649.36440 111.10345 -1.43571 -0.06534 -0.00952 0.01083 -0.00454 0.99989
42649.46453 112.42560 -1.43775 -0.07664 -0.00953 0.01121 -0.00480 0.99988
42649.57440 113.74408 -1.44712 -0.09164 -0.00963 0.01107 -0.00500 0.99988
42649.67432 115.03536 -1.45483 -0.10114 -0.01127 0.01075 -0.00548 0.99986
42649.77432 116.33948 -1.45970 -0.11441 -0.01236 0.01066 -0.00595 0.99985
42649.88434 117.66365 -1.46855 -0.12798 -0.01266 0.01017 -0.00583 0.99985
42649.98459 118.98245 -1.48451 -0.13679 -0.01341 0.00997 -0.00620 0.99984
42650.09429 120.29036 -1.49296 -0.14557 -0.01369 0.00980 -0.00641 0.99984
42650.19433 121.64480 -1.49687 -0.15137 -0.01436 0.01044 -0.00680 0.99982
42650.29434 122.97356 -1.50450 -0.16412 -0.01430 0.01080 -0.00694 0.99982
42650.40437 124.30654 -1.51882 -0.17393 -0.01416 0.01075 -0.00699 0.99982
42650.50448 125.65631 -1.53222 -0.18441 -0.01407 0.01075 -0.00703 0.99982
42650.61437 126.99798 -1.54289 -0.19775 -0.01375 0.01130 -0.00702 0.99982
42650.71432 128.33643 -1.55244 -0.21001 -0.01316 0.01119 -0.00654 0.99983
42650.82430 129.68346 -1.55917 -0.22169 -0.01307 0.01139 -0.00586 0.99983
42650.92432 131.02819 -1.57006 -0.23479 -0.01276 0.01175 -0.00517 0.99984
42651.02459 132.37851 -1.58170 -0.24787 -0.01247 0.01211 -0.00445 0.99984
42651.13431 133.73760 -1.59100 -0.26064 -0.01236 0.01246 -0.00372 0.99984
42651.23430 135.08601 -1.59795 -0.27963 -0.01271 0.01250 -0.00311 0.99984
42651.34435 136.43648 -1.60369 -0.30428 -0.01302 0.01246 -0.00257 0.99983
42651.44429 137.78820 -1.60787 -0.32344 -0.01234 0.01157 -0.00213 0.99985
42651.54435 139.13427 -1.61214 -0.33669 -0.01031 0.01133 -0.00159 0.99988
42651.65430 140.47728 -1.62443 -0.35154 -0.00713 0.01244 -0.00094 0.99990
42651.75449 141.80933 -1.62928 -0.36493 -0.00329 0.01341 -0.00030 0.99990
42651.86430 143.12414 -1.62990 -0.37676 -0.00164 0.01248 0.00030 0.99992
42651.96435 144.42803 -1.62844 -0.39584 -0.00125 0.01109 0.00032 0.99994
42652.06436 145.72184 -1.62138 -0.41292 -0.00249 0.01035 -0.00004 0.99994
42652.17428 147.03423 -1.61986 -0.42558 -0.00298 0.01057 -0.00045 0.99994
42652.27431 148.35432 -1.61918 -0.43894 -0.00226 0.01185 -0.00086 0.99993
42652.38430 149.68118 -1.62076 -0.44955 -0.00012 0.01344 -0.00141 0.99991
42652.48454 150.99130 -1.62634 -0.47072 0.00169 0.01380 -0.00144 0.99990
42652.59428 152.26957 -1.62507 -0.48415 0.00204 0.01412 -0.00145 0.99990
42652.69427 153.55981 -1.61985 -0.50639 0.00129 0.01456 -0.00209 0.99989
42652.79426 154.86291 -1.61264 -0.53133 -0.00001 0.01434 -0.00236 0.99989
42652.90425 156.15548 -1.61741 -0.55776 -0.00147 0.01359 -0.00248 0.99990
42653.00443 157.42696 -1.62798 -0.58262 -0.00287 0.01313 -0.00262 0.99991
42653.11427 158.69522 -1.63536 -0.60731 -0.00355 0.01367 -0.00266 0.99990
42653.21426 159.95437 -1.63760 -0.62768 -0.00409 0.01390 -0.00216 0.99989
42653.31428 161.19641 -1.64181 -0.64486 -0.00562 0.01298 -0.00159 0.99990
42653.42426 162.47442 -1.63941 -0.66308 -0.00739 0.01169 -0.00102 0.99990
42653.52445 163.76426 -1.63509 -0.67899 -0.00999 0.01131 -0.00049 0.99989
42653.63426 165.08108 -1.62875 -0.69797 -0.01206 0.01167 -0.00021 0.99986
42653.73425 166.41914 -1.61563 -0.71318 -0.01368 0.01267 0.00011 0.99983
42653.84428 167.79522 -1.59909 -0.73480 -0.01445 0.01349 0.00046 0.99980
42653.94425 169.15767 -1.59153 -0.76234 -0.01345 0.01391 0.00117 0.99981
42654.04433 170.53769 -1.58689 -0.78594 -0.01247 0.01408 0.00229 0.99982
42654.15443 171.91210 -1.57521 -0.80437 -0.01278 0.01242 0.00360 0.99983
42654.25443 173.26229 -1.56152 -0.82043 -0.01465 0.01047 0.00470 0.99983
42654.36426 174.65393 -1.53747 -0.83887 -0.01677 0.01016 0.00573 0.99979
42654.46438 176.02919 -1.50888 -0.84775 -0.01922 0.01088 0.00604 0.99974
42654.56426 177.42279 -1.48082 -0.86483 -0.02060 0.01220 0.00605 0.99970
42654.67421 178.80725 -1.45211 -0.88076 -0.02172 0.01304 0.00627 0.99966
42654.77421 180.21178 -1.42838 -0.90097 -0.02243 0.01332 0.00618 0.99964
42654.88428 181.61023 -1.40545 -0.91790 -0.02281 0.01356 0.00638 0.99963
42654.98439 183.00657 -1.38256 -0.93292 -0.02275 0.01391 0.00642 0.99962
42655.09425 184.41108 -1.36003 -0.94761 -0.02260 0.01432 0.00620 0.99962
42655.19424 185.81467 -1.34341 -0.96862 -0.02228 0.01457 0.00616 0.99963
42655.29420 187.17942 -1.32879 -0.98553 -0.02213 0.01512 0.00612 0.99962
42655.40422 188.55007 -1.31079 -1.00846 -0.02071 0.01547 0.00612 0.99965
42655.50430 189.90323 -1.28585 -1.02670 -0.02187 0.01407 0.00622 0.99964
42655.61421 191.23758 -1.26793 -1.05039 -0.02492 0.01193 0.00595 0.99960
42655.71422 192.55992 -1.24389 -1.07266 -0.02943 0.01181 0.00544 0.99948
42655.81425 193.90477 -1.22012 -1.09864 -0.03306 0.01324 0.00517 0.99935
42655.92423 195.28624 -1.19843 -1.12542 -0.03369 0.01437 0.00511 0.99932
42656.02459 196.68286 -1.18085 -1.15455 -0.03325 0.01458 0.00553 0.99933
42656.13422 198.10387 -1.16872 -1.17853 -0.03212 0.01478 0.00626 0.99936
42656.23422 199.52027 -1.14811 -1.19993 -0.03149 0.01476 0.00690 0.99937
42656.33418 200.94871 -1.12393 -1.22705 -0.03149 0.01470 0.00740 0.99937
42656.44422 202.39647 -1.10239 -1.25571 -0.03227 0.01479 0.00738 0.99934
42656.54423 203.85444 -1.08231 -1.28800 -0.03267 0.01530 0.00749 0.99932
42656.65432 205.31188 -1.05909 -1.31941 -0.03237 0.01514 0.00789 0.99933
42656.75422 206.74083 -1.02787 -1.34801 -0.03242 0.01483 0.00854 0.99933
42656.86422 208.17461 -1.00087 -1.37246 -0.03277 0.01498 0.00888 0.99931
42656.96435 209.62780 -0.97102 -1.40328 -0.03309 0.01513 0.00912 0.99930
42657.06427 211.10343 -0.94021 -1.43189 -0.03323 0.01515 0.00949 0.99929
42657.17417 212.56823 -0.91340 -1.46755 -0.03281 0.01489 0.00960 0.99930
42657.27420 214.02422 -0.88223 -1.50133 -0.03288 0.01503 0.01000 0.99930
42657.38419 215.49221 -0.85351 -1.53042 -0.03305 0.01490 0.01027 0.99929
42657.48429 216.94937 -0.81952 -1.55987 -0.03327 0.01497 0.01051 0.99928
42657.58419 218.45275 -0.78471 -1.58788 -0.03336 0.01493 0.01068 0.99927
42657.69419 219.95092 -0.74953 -1.61609 -0.03344 0.01507 0.01090 0.99927
42657.79417 221.41077 -0.71154 -1.64124 -0.03358 0.01531 0.01124 0.99926
42657.90417 222.86523 -0.67509 -1.67253 -0.03278 0.01573 0.01149 0.99927
42658.00433 224.31431 -0.63879 -1.70512 -0.03273 0.01593 0.01167 0.99927
42658.10417 225.76369 -0.59982 -1.73500 -0.03319 0.01597 0.01196 0.99925
42658.21418 227.21782 -0.55727 -1.76542 -0.03351 0.01577 0.01202 0.99924
42658.31415 228.70084 -0.52119 -1.79704 -0.03428 0.01627 0.01192 0.99921
42658.42419 230.17578 -0.48618 -1.83315 -0.03480 0.01704 0.01160 0.99918
42658.52433 231.65713 -0.45078 -1.86467 -0.03524 0.01714 0.01123 0.99917
42658.63418 233.12496 -0.40765 -1.90133 -0.03549 0.01660 0.01112 0.99917
42658.73417 234.58810 -0.36883 -1.93414 -0.03571 0.01606 0.01105 0.99917
42658.83413 236.06542 -0.33314 -1.96965 -0.03653 0.01628 0.01110 0.99914
42658.94409 237.55787 -0.29742 -2.00550 -0.03644 0.01672 0.01133 0.99913
42659.04418 239.07092 -0.26034 -2.04175 -0.03651 0.01707 0.01143 0.99912
42659.15417 240.59550 -0.21792 -2.08130 -0.03682 0.01720 0.01186 0.99910
42659.25430 242.12423 -0.18420 -2.11887 -0.03752 0.01740 0.01187 0.99907
42659.35427 243.61701 -0.14394 -2.15548 -0.03827 0.01749 0.01178 0.99905
42659.46434 245.12047 -0.10912 -2.19567 -0.03844 0.01761 0.01187 0.99904
42659.56424 246.61201 -0.06442 -2.22928 -0.03841 0.01795 0.01208 0.99903
42659.67414 248.15051 -0.02093 -2.27202 -0.03789 0.01837 0.01216 0.99904
42659.77416 249.67772 0.01079 -2.30804 -0.03734 0.01879 0.01218 0.99905
42659.87426 251.19183 0.05404 -2.35148 -0.03678 0.01858 0.01235 0.99907
42659.98418 252.72239 0.10672 -2.38952 -0.03654 0.01836 0.01254 0.99908
42660.08416 254.26046 0.14314 -2.42555 -0.03604 0.01911 0.01207 0.99909
42660.19412 255.78301 0.18464 -2.47274 -0.03491 0.01982 0.01192 0.99912
42660.29414 257.28358 0.22622 -2.51596 -0.03411 0.01979 0.01197 0.99915
42660.39414 258.76078 0.26290 -2.55650 -0.03364 0.01944 0.01156 0.99918
42660.50425 260.22315 0.28762 -2.60025 -0.03380 0.01933 0.01080 0.99918
42660.60415 261.67174 0.31429 -2.63783 -0.03480 0.01942 0.00996 0.99916
42660.71412 263.14680 0.34576 -2.67576 -0.03565 0.01953 0.00956 0.99913
42660.81410 264.63901 0.38907 -2.72107 -0.03617 0.01973 0.00934 0.99911
42660.91407 266.13275 0.43098 -2.76761 -0.03614 0.01973 0.00890 0.99911
42661.02443 267.62512 0.47124 -2.81110 -0.03616 0.01967 0.00886 0.99911
42661.12414 269.09498 0.50823 -2.85180 -0.03584 0.01966 0.00861 0.99913
42661.23410 270.56002 0.54860 -2.89344 -0.03540 0.01993 0.00837 0.99914
42661.33409 272.03990 0.57344 -2.93627 -0.03520 0.02039 0.00818 0.99914
42661.43409 273.52838 0.59730 -2.97725 -0.03478 0.02078 0.00788 0.99915
42661.54412 275.04724 0.63138 -3.02183 -0.03408 0.01989 0.00782 0.99919
42661.64410 276.57157 0.65800 -3.06796 -0.03402 0.01912 0.00787 0.99921
42661.75426 278.10368 0.68761 -3.10953 -0.03396 0.01930 0.00824 0.99920
42661.85422 279.62052 0.71528 -3.15294 -0.03366 0.01946 0.00862 0.99921
42661.95427 281.14087 0.74367 -3.19392 -0.03344 0.01957 0.00917 0.99921
42662.06413 282.67853 0.77660 -3.23727 -0.03398 0.01958 0.00963 0.99918
42662.16410 284.21594 0.81690 -3.28766 -0.03402 0.01993 0.01026 0.99917
42662.27410 285.74996 0.85525 -3.33275 -0.03402 0.02021 0.01067 0.99916
42662.37425 287.31777 0.88410 -3.38233 -0.03409 0.02103 0.01157 0.99913
42662.47419 288.87487 0.91786 -3.43167 -0.03480 0.02188 0.01193 0.99908
42662.58408 290.43606 0.95423 -3.49088 -0.03493 0.02191 0.01165 0.99908
42662.68414 291.99128 0.99676 -3.54484 -0.03530 0.02212 0.01138 0.99907
42662.79405 293.50130 1.04645 -3.60286 -0.03456 0.02227 0.01106 0.99909
42662.89417 295.03995 1.08788 -3.66513 -0.03313 0.02200 0.01065 0.99915
42663.00421 296.59261 1.10014 -3.71499 -0.03212 0.02131 0.01064 0.99920
42663.10409 298.13244 1.11817 -3.76491 -0.03221 0.02091 0.01064 0.99921
42663.20407 299.69043 1.15040 -3.81328 -0.03259 0.02056 0.01165 0.99919
42663.31407 301.24203 1.17611 -3.86202 -0.03316 0.02087 0.01278 0.99915
42663.41408 302.82969 1.22666 -3.91530 -0.03378 0.02258 0.01350 0.99908
42663.52427 304.43372 1.26328 -3.97472 -0.03290 0.02415 0.01338 0.99908
42663.62406 306.02006 1.31006 -4.03566 -0.03250 0.02460 0.01351 0.99908
42663.72405 307.63731 1.34455 -4.09556 -0.03187 0.02417 0.01322 0.99911
42663.83406 309.24552 1.38558 -4.15767 -0.03160 0.02428 0.01337 0.99912
42663.93401 310.83765 1.42426 -4.21831 -0.03155 0.02446 0.01315 0.99912
42664.04408 312.41527 1.46271 -4.27271 -0.03150 0.02466 0.01314 0.99911
42664.14405 313.98742 1.51248 -4.33369 -0.03212 0.02441 0.01278 0.99910
42664.24410 315.56574 1.54166 -4.39220 -0.03249 0.02415 0.01244 0.99910
42664.35411 317.15710 1.57723 -4.45505 -0.03216 0.02472 0.01208 0.99910
42664.45416 318.73543 1.61340 -4.51310 -0.03176 0.02512 0.01185 0.99911
42664.56404 320.30855 1.64744 -4.57002 -0.03170 0.02481 0.01178 0.99912
42664.66403 321.88758 1.68117 -4.62066 -0.03200 0.02519 0.01179 0.99910
42664.76401 323.46293 1.71951 -4.68948 -0.03271 0.02439 0.01194 0.99910
42664.87418 325.03786 1.75744 -4.74441 -0.03363 0.02320 0.01206 0.99909
42664.97425 326.60060 1.78943 -4.79973 -0.03419 0.02349 0.01244 0.99906
42665.08405 328.15057 1.83318 -4.85314 -0.03473 0.02501 0.01264 0.99900
42665.18402 329.71146 1.86937 -4.91696 -0.03517 0.02620 0.01325 0.99895
42665.28401 331.26460 1.90802 -4.98064 -0.03539 0.02594 0.01391 0.99894
42665.39398 332.81696 1.94604 -5.04096 -0.03530 0.02552 0.01435 0.99895
42665.49410 334.33065 1.97809 -5.10195 -0.03476 0.02614 0.01487 0.99894
42665.60399 335.84944 2.00908 -5.15713 -0.03413 0.02657 0.01531 0.99895
42665.70401 337.35395 2.04837 -5.21982 -0.03394 0.02639 0.01542 0.99896
42665.80404 338.87975 2.07987 -5.28097 -0.03380 0.02621 0.01538 0.99897
42665.91398 340.40722 2.13404 -5.34952 -0.03365 0.02616 0.01545 0.99897
42666.01417 341.91156 2.16620 -5.40951 -0.03330 0.02623 0.01554 0.99898
42666.12401 343.40888 2.20285 -5.46862 -0.03291 0.02612 0.01546 0.99900
42666.22401 344.93392 2.23641 -5.52602 -0.03281 0.02585 0.01541 0.99901
42666.33402 346.46286 2.28814 -5.58946 -0.03262 0.02602 0.01543 0.99901
42666.43402 347.99027 2.33200 -5.65169 -0.03258 0.02578 0.01568 0.99901
42666.53401 349.53166 2.36836 -5.71327 -0.03195 0.02521 0.01551 0.99905
42666.64403 351.06983 2.40321 -5.78094 -0.03135 0.02572 0.01530 0.99906
42666.74399 352.61264 2.44594 -5.84278 -0.03034 0.02626 0.01525 0.99908
42666.85415 354.16033 2.48203 -5.90803 -0.02995 0.02596 0.01528 0.99910
42666.95415 355.72364 2.52517 -5.97505 -0.03049 0.02575 0.01501 0.99909
42667.05418 357.30689 2.58900 -6.04850 -0.03127 0.02601 0.01477 0.99906
42667.16394 358.90493 2.64599 -6.11668 -0.03178 0.02621 0.01440 0.99905
42667.26397 360.46327 2.68848 -6.18209 -0.03182 0.02612 0.01394 0.99906
42667.37409 362.03553 2.73845 -6.25196 -0.03198 0.02598 0.01372 0.99906
42667.47413 363.59700 2.77935 -6.31950 -0.03217 0.02596 0.01341 0.99906
42667.57400 365.18856 2.80806 -6.38470 -0.03230 0.02590 0.01320 0.99906
42667.68395 366.77409 2.84877 -6.45289 -0.03282 0.02600 0.01277 0.99904
42667.78395 368.39574 2.87939 -6.52224 -0.03346 0.02612 0.01256 0.99902
42667.89396 369.97747 2.91918 -6.58903 -0.03394 0.02604 0.01257 0.99901
42667.99402 371.56302 2.96501 -6.65231 -0.03445 0.02596 0.01259 0.99899
42668.09395 373.15163 2.99225 -6.71909 -0.03504 0.02623 0.01276 0.99896
42668.20400 374.74242 3.02449 -6.79188 -0.03629 0.02677 0.01305 0.99890
42668.30394 376.34719 3.04579 -6.86070 -0.03676 0.02693 0.01335 0.99887
42668.41394 377.95534 3.07073 -6.92948 -0.03763 0.02693 0.01341 0.99884
42668.51396 379.54985 3.10969 -7.00182 -0.03804 0.02714 0.01353 0.99882
42668.62395 381.14755 3.15135 -7.07718 -0.03784 0.02751 0.01338 0.99882
42668.72394 382.73534 3.18626 -7.14599 -0.03784 0.02721 0.01321 0.99883
42668.82392 384.34337 3.22751 -7.21418 -0.03796 0.02696 0.01269 0.99883
42668.93392 385.94601 3.26408 -7.28356 -0.03818 0.02726 0.01289 0.99882
42669.03397 387.56263 3.30161 -7.35661 -0.03828 0.02779 0.01252 0.99880
42669.14392 389.17272 3.33775 -7.42516 -0.03791 0.02865 0.01224 0.99880
42669.24391 390.77183 3.37514 -7.49399 -0.03706 0.02860 0.01212 0.99883
42669.34392 392.36219 3.40890 -7.56544 -0.03658 0.02813 0.01207 0.99886
42669.45414 393.96476 3.43619 -7.63575 -0.03637 0.02844 0.01215 0.99886
