43707.66278 0.00000 0.00000 0.00000 0.00000 0.00000 0.00000 1.00000
43707.66278 0.05100 0.00794 0.00356 -0.00030 0.00004 -0.00075 1.00000
43707.66278 0.19145 0.02576 0.00245 -0.00061 0.00039 -0.00188 1.00000
43707.66278 0.35684 0.02870 0.00387 -0.00122 0.00035 -0.00344 0.99999
43707.66278 0.55650 0.02159 0.00834 -0.00186 0.00014 -0.00518 0.99998
43707.66278 0.77290 0.03202 0.00478 -0.00225 0.00038 -0.00675 0.99997
43707.66278 1.07199 0.03942 0.00397 -0.00205 0.00057 -0.00773 0.99997
43707.66278 1.41560 0.04868 0.00792 -0.00186 0.00090 -0.00870 0.99996
43707.66278 1.87604 0.06422 0.00608 -0.00182 0.00121 -0.00950 0.99995
43707.66278 2.47551 0.05695 0.01491 -0.00158 0.00134 -0.01013 0.99995
43707.66278 3.20989 0.04294 0.01808 -0.00178 0.00145 -0.01078 0.99994
43707.66278 4.15159 0.04374 0.02785 -0.00189 0.00206 -0.01109 0.99993
43707.66278 5.22447 0.02660 0.03593 -0.00128 0.00244 -0.01094 0.99994
43707.66278 6.35828 0.00691 0.05093 -0.00079 0.00236 -0.00992 0.99995
43707.66278 7.50107 -0.00929 0.06400 -0.00086 0.00204 -0.00888 0.99996
43707.70283 8.64610 -0.02537 0.07902 -0.00096 0.00220 -0.00834 0.99996
43707.80279 9.80020 -0.03754 0.09011 -0.00176 0.00216 -0.00805 0.99996
43707.91279 10.95306 -0.04189 0.10320 -0.00185 0.00221 -0.00784 0.99997
43708.01295 12.10748 -0.04664 0.11518 -0.00155 0.00233 -0.00774 0.99997
43708.12282 13.23900 -0.06266 0.12385 -0.00142 0.00229 -0.00772 0.99997
43708.22282 14.38811 -0.07305 0.13749 -0.00138 0.00203 -0.00729 0.99997
43708.32277 15.54094 -0.08309 0.14865 -0.00145 0.00184 -0.00701 0.99997
43708.43291 16.68465 -0.08961 0.16178 -0.00164 0.00205 -0.00677 0.99997
43708.53297 17.83152 -0.09518 0.17326 -0.00178 0.00197 -0.00656 0.99997
43708.63293 18.97474 -0.10186 0.18611 -0.00171 0.00182 -0.00628 0.99998
43708.74278 20.13153 -0.10909 0.20168 -0.00207 0.00229 -0.00590 0.99998
43708.84279 21.28461 -0.13356 0.21120 -0.00186 0.00303 -0.00572 0.99998
43708.95286 22.44947 -0.14155 0.22429 -0.00144 0.00327 -0.00530 0.99998
43709.05281 23.62367 -0.14643 0.23584 -0.00112 0.00295 -0.00495 0.99998
43709.15277 24.79700 -0.14929 0.24769 -0.00086 0.00272 -0.00477 0.99998
43709.26279 25.96516 -0.15287 0.25562 -0.00106 0.00268 -0.00445 0.99999
43709.36276 27.12267 -0.15019 0.26549 -0.00098 0.00285 -0.00417 0.99999
43709.47288 28.26573 -0.14822 0.27215 -0.00056 0.00293 -0.00374 0.99999
43709.57281 29.42017 -0.14843 0.28397 -0.00016 0.00286 -0.00330 0.99999
43709.67275 30.57845 -0.14354 0.29362 -0.00011 0.00289 -0.00286 0.99999
43709.78281 31.73230 -0.13848 0.30314 0.00043 0.00312 -0.00312 0.99999
43709.88276 32.89661 -0.13450 0.31255 0.00018 0.00376 -0.00337 0.99999
43709.99293 34.04754 -0.13632 0.32057 0.00008 0.00395 -0.00356 0.99999
43710.09276 35.22255 -0.13830 0.33125 0.00012 0.00372 -0.00333 0.99999
43710.19279 36.37547 -0.15088 0.34113 -0.00022 0.00394 -0.00353 0.99999
43710.30276 37.53232 -0.15462 0.34903 -0.00135 0.00496 -0.00355 0.99998
43710.40277 38.71116 -0.15675 0.35233 -0.00159 0.00646 -0.00427 0.99997
43710.51277 39.86695 -0.16007 0.35479 -0.00176 0.00769 -0.00533 0.99995
43710.61274 41.03844 -0.15873 0.34879 -0.00165 0.00890 -0.00618 0.99994
43710.71274 42.19507 -0.16339 0.34230 -0.00117 0.00939 -0.00668 0.99993
43710.82280 43.36969 -0.16839 0.33210 -0.00051 0.00845 -0.00747 0.99994
43710.92276 44.55757 -0.17614 0.33514 -0.00103 0.00795 -0.00792 0.99994
43711.03300 45.72477 -0.18424 0.32512 -0.00114 0.00777 -0.00821 0.99994
43711.13277 46.89603 -0.18735 0.32640 -0.00091 0.00765 -0.00793 0.99994
43711.23277 48.03856 -0.19114 0.32769 -0.00069 0.00708 -0.00776 0.99994
43711.34279 49.20125 -0.20612 0.32961 -0.00080 0.00728 -0.00705 0.99995
43711.44278 50.35395 -0.21690 0.33388 -0.00072 0.00792 -0.00638 0.99995
43711.54276 51.52272 -0.22083 0.33574 -0.00088 0.00813 -0.00572 0.99995
43711.65274 52.68446 -0.22307 0.33746 -0.00098 0.00845 -0.00525 0.99995
43711.75271 53.84451 -0.22465 0.33683 -0.00119 0.00848 -0.00491 0.99995
43711.86273 55.00224 -0.22896 0.33223 -0.00083 0.00811 -0.00500 0.99995
43711.96285 56.15621 -0.23422 0.33442 -0.00032 0.00789 -0.00500 0.99996
43712.06280 57.32905 -0.23636 0.33547 -0.00014 0.00862 -0.00510 0.99995
43712.17270 58.48131 -0.24334 0.33053 0.00006 0.00938 -0.00510 0.99994
43712.27274 59.64051 -0.24605 0.32998 0.00022 0.00904 -0.00529 0.99995
43712.38271 60.81102 -0.25277 0.32670 -0.00017 0.00867 -0.00523 0.99995
43712.48278 61.97088 -0.26662 0.32330 -0.00126 0.00905 -0.00489 0.99995
43712.58272 63.10900 -0.28648 0.32559 -0.00180 0.00947 -0.00461 0.99994
43712.69268 64.24748 -0.29342 0.31639 -0.00255 0.00973 -0.00491 0.99994
43712.79272 65.36798 -0.30368 0.31609 -0.00264 0.01029 -0.00544 0.99993
43712.90276 66.49809 -0.31302 0.30561 -0.00374 0.01055 -0.00643 0.99992
43713.00304 67.63812 -0.32779 0.29666 -0.00305 0.00973 -0.00742 0.99992
43713.10273 68.76424 -0.35588 0.29715 -0.00148 0.00771 -0.00863 0.99993
43713.21271 69.91139 -0.37626 0.29518 -0.00184 0.00750 -0.01015 0.99992
43713.31271 71.05753 -0.40073 0.28725 -0.00178 0.00893 -0.01138 0.99989
43713.42274 72.14761 -0.42576 0.29252 -0.00139 0.00984 -0.01267 0.99987
43713.52276 73.20925 -0.44517 0.28664 -0.00185 0.00920 -0.01511 0.99984
43713.62275 74.26685 -0.47469 0.28771 -0.00165 0.00785 -0.01738 0.99982
43713.73285 75.38387 -0.49095 0.29090 -0.00140 0.00652 -0.01931 0.99979
43713.83288 76.52747 -0.51578 0.29867 -0.00119 0.00622 -0.02094 0.99976
43713.94292 77.65150 -0.55143 0.29929 -0.00087 0.00708 -0.02305 0.99971
43714.04272 78.76306 -0.58714 0.30464 -0.00153 0.00753 -0.02493 0.99966
43714.14267 79.88828 -0.62035 0.30531 -0.00136 0.00675 -0.02689 0.99961
43714.25267 80.99718 -0.66276 0.31028 -0.00152 0.00583 -0.02889 0.99956
43714.35284 82.11123 -0.72832 0.31957 -0.00206 0.00598 -0.03046 0.99952
43714.46291 83.21969 -0.79091 0.32026 -0.00161 0.00646 -0.03231 0.99946
43714.56268 84.31978 -0.86502 0.32186 -0.00144 0.00709 -0.03404 0.99939
43714.66267 85.39687 -0.94160 0.31908 -0.00105 0.00773 -0.03572 0.99933
43714.77266 86.47332 -1.01927 0.31489 -0.00039 0.00817 -0.03708 0.99928
43714.87271 87.58598 -1.09530 0.31461 0.00030 0.00748 -0.03856 0.99923
43714.98273 88.70044 -1.18591 0.31874 0.00084 0.00617 -0.03994 0.99918
43715.08268 89.84044 -1.28007 0.32513 0.00046 0.00530 -0.04107 0.99914
43715.18268 90.98368 -1.37023 0.32881 0.00065 0.00506 -0.04187 0.99911
43715.29264 92.10403 -1.46383 0.33054 0.00051 0.00544 -0.04239 0.99909
43715.39268 93.22478 -1.55861 0.32976 0.00032 0.00634 -0.04235 0.99908
43715.50284 94.33508 -1.65821 0.33283 0.00046 0.00707 -0.04200 0.99909
43715.60264 95.46568 -1.75978 0.33205 0.00021 0.00763 -0.04122 0.99912
43715.70263 96.59838 -1.85156 0.33098 -0.00003 0.00803 -0.04028 0.99916
43715.81265 97.74239 -1.94475 0.32717 -0.00019 0.00823 -0.03918 0.99920
43715.91266 98.90189 -2.04517 0.32191 -0.00100 0.00813 -0.03742 0.99927
43716.02274 100.05624 -2.13668 0.31876 -0.00112 0.00839 -0.03559 0.99933
43716.12267 101.22040 -2.22798 0.31103 -0.00159 0.00895 -0.03371 0.99939
43716.22265 102.40220 -2.30744 0.30327 -0.00163 0.00938 -0.03182 0.99945
43716.33273 103.58265 -2.38881 0.29756 -0.00168 0.00982 -0.02962 0.99951
43716.43271 104.75931 -2.46188 0.29058 -0.00191 0.00996 -0.02744 0.99957
43716.54266 105.94517 -2.52677 0.28196 -0.00231 0.01010 -0.02521 0.99963
43716.64267 107.12336 -2.59309 0.27480 -0.00256 0.01018 -0.02302 0.99968
43716.74266 108.31244 -2.64806 0.26713 -0.00284 0.01005 -0.02078 0.99973
43716.85279 109.49943 -2.69132 0.25980 -0.00366 0.01020 -0.01899 0.99976
43716.95281 110.71179 -2.75340 0.24855 -0.00497 0.01030 -0.01798 0.99977
43717.06262 111.91353 -2.81468 0.24310 -0.00539 0.01022 -0.01728 0.99978
43717.16264 113.12243 -2.85827 0.23413 -0.00620 0.01057 -0.01670 0.99979
43717.26257 114.33422 -2.90075 0.21955 -0.00723 0.01073 -0.01612 0.99979
43717.37261 115.53106 -2.94699 0.21352 -0.00747 0.01088 -0.01576 0.99979
43717.47279 116.75150 -2.98448 0.20498 -0.00891 0.01186 -0.01529 0.99977
43717.58269 117.97863 -3.02146 0.18265 -0.00981 0.01320 -0.01505 0.99975
43717.68260 119.20175 -3.06034 0.16770 -0.00896 0.01328 -0.01469 0.99976
43717.78266 120.44108 -3.10523 0.15659 -0.00904 0.01286 -0.01420 0.99978
43717.89262 121.67542 -3.14710 0.13323 -0.00803 0.01307 -0.01380 0.99979
43717.99270 122.91355 -3.19340 0.12730 -0.00662 0.01410 -0.01328 0.99979
43718.10255 124.14312 -3.22883 0.10691 -0.00548 0.01495 -0.01326 0.99979
43718.20263 125.37392 -3.26316 0.08649 -0.00458 0.01536 -0.01329 0.99978
43718.30263 126.58033 -3.30407 0.06453 -0.00278 0.01482 -0.01325 0.99980
43718.41259 127.79911 -3.33032 0.03964 -0.00198 0.01438 -0.01330 0.99981
43718.51265 129.01022 -3.35226 0.02339 -0.00138 0.01443 -0.01356 0.99980
43718.62259 130.21439 -3.38292 0.00176 -0.00135 0.01461 -0.01360 0.99980
43718.72261 131.44659 -3.41137 -0.01403 -0.00152 0.01554 -0.01401 0.99978
43718.82259 132.67541 -3.44165 -0.03894 -0.00228 0.01620 -0.01447 0.99976
43718.93266 133.87323 -3.46519 -0.05869 -0.00224 0.01570 -0.01472 0.99977
43719.03269 135.05262 -3.50405 -0.08557 -0.00263 0.01490 -0.01484 0.99978
43719.14265 136.25656 -3.52859 -0.10990 -0.00260 0.01377 -0.01498 0.99979
43719.24252 137.45914 -3.56059 -0.12702 -0.00193 0.01201 -0.01517 0.99981
43719.34260 138.69699 -3.60190 -0.14213 -0.00228 0.01071 -0.01499 0.99983
43719.45280 139.93929 -3.64468 -0.14831 -0.00230 0.01046 -0.01489 0.99983
43719.55264 141.13332 -3.67382 -0.15543 -0.00210 0.01077 -0.01499 0.99983
43719.66257 142.30064 -3.69738 -0.16490 -0.00249 0.01096 -0.01491 0.99983
43719.76255 143.46645 -3.73563 -0.16807 -0.00267 0.01163 -0.01522 0.99981
43719.86259 144.63291 -3.76730 -0.17685 -0.00263 0.01176 -0.01525 0.99981
43719.97269 145.81690 -3.81081 -0.18254 -0.00279 0.01180 -0.01515 0.99981
43720.07256 146.99784 -3.83973 -0.19088 -0.00286 0.01190 -0.01488 0.99981
43720.17259 148.17911 -3.86777 -0.20123 -0.00274 0.01228 -0.01478 0.99981
43720.28254 149.36157 -3.90512 -0.20841 -0.00282 0.01250 -0.01456 0.99981
43720.38255 150.55197 -3.94199 -0.21656 -0.00318 0.01242 -0.01436 0.99981
43720.49260 151.74112 -3.97804 -0.22987 -0.00341 0.01209 -0.01387 0.99982
43720.59253 152.91441 -4.02298 -0.24203 -0.00406 0.01197 -0.01360 0.99983
43720.69257 154.09154 -4.05599 -0.25001 -0.00391 0.01181 -0.01288 0.99984
43720.80253 155.27999 -4.07575 -0.25553 -0.00386 0.01138 -0.01209 0.99985
43720.90252 156.45798 -4.09494 -0.26365 -0.00398 0.01157 -0.01165 0.99986
43721.01259 157.66429 -4.11643 -0.27167 -0.00400 0.01219 -0.01140 0.99985
43721.11257 158.85688 -4.14057 -0.27928 -0.00407 0.01246 -0.01083 0.99986
43721.21256 160.07452 -4.16492 -0.28705 -0.00431 0.01281 -0.01011 0.99986
43721.32257 161.28759 -4.17901 -0.29462 -0.00443 0.01305 -0.00964 0.99986
43721.42261 162.50055 -4.19995 -0.30520 -0.00456 0.01308 -0.00914 0.99986
43721.53280 163.71205 -4.22148 -0.31523 -0.00499 0.01314 -0.00861 0.99986
43721.63261 164.92116 -4.23884 -0.32762 -0.00490 0.01327 -0.00832 0.99987
43721.73263 166.13942 -4.25977 -0.34214 -0.00473 0.01279 -0.00813 0.99987
43721.84259 167.33452 -4.28020 -0.35167 -0.00417 0.01228 -0.00797 0.99988
43721.94274 168.53602 -4.30013 -0.35889 -0.00299 0.01235 -0.00777 0.99989
43722.05257 169.72838 -4.32168 -0.36498 -0.00312 0.01455 -0.00758 0.99986
43722.15257 170.91267 -4.34309 -0.37705 -0.00278 0.01650 -0.00746 0.99983
43722.25252 172.08808 -4.35257 -0.39952 -0.00287 0.01640 -0.00778 0.99983
43722.36254 173.25131 -4.35936 -0.41685 -0.00349 0.01506 -0.00810 0.99985
43722.46258 174.41063 -4.37646 -0.43191 -0.00402 0.01438 -0.00816 0.99986
43722.57249 175.56091 -4.38402 -0.44174 -0.00405 0.01458 -0.00822 0.99985
43722.67253 176.73704 -4.39236 -0.45370 -0.00454 0.01515 -0.00829 0.99984
43722.77252 177.92408 -4.40409 -0.46937 -0.00438 0.01598 -0.00869 0.99983
43722.88250 179.11406 -4.41775 -0.48291 -0.00417 0.01631 -0.00912 0.99982
43722.98274 180.26827 -4.43275 -0.49929 -0.00436 0.01622 -0.01002 0.99981
43723.09251 181.42700 -4.44873 -0.51691 -0.00372 0.01583 -0.01072 0.99981
43723.19249 182.58594 -4.47269 -0.53271 -0.00389 0.01526 -0.01138 0.99981
43723.29249 183.74731 -4.49867 -0.54296 -0.00360 0.01507 -0.01236 0.99980
43723.40246 184.87108 -4.51883 -0.55259 -0.00370 0.01557 -0.01325 0.99978
43723.50274 186.02095 -4.54288 -0.56780 -0.00377 0.01623 -0.01418 0.99976
43723.61253 187.15066 -4.57294 -0.58430 -0.00437 0.01634 -0.01481 0.99975
43723.71246 188.27933 -4.60518 -0.60020 -0.00431 0.01627 -0.01537 0.99974
43723.81253 189.41770 -4.63595 -0.61510 -0.00449 0.01636 -0.01589 0.99973
43723.92251 190.55248 -4.67856 -0.62847 -0.00454 0.01639 -0.01617 0.99972
43724.02260 191.67552 -4.72015 -0.64825 -0.00491 0.01630 -0.01667 0.99972
43724.13256 192.79320 -4.77731 -0.66463 -0.00509 0.01649 -0.01705 0.99971
43724.23259 193.89494 -4.82953 -0.67736 -0.00458 0.01678 -0.01745 0.99970
43724.33261 194.97111 -4.87972 -0.68914 -0.00474 0.01714 -0.01782 0.99968
43724.44266 196.05788 -4.91984 -0.70581 -0.00452 0.01753 -0.01792 0.99968
43724.54258 197.10538 -4.95847 -0.72040 -0.00468 0.01776 -0.01787 0.99967
43724.65251 198.12378 -4.99326 -0.73417 -0.00491 0.01763 -0.01788 0.99967
43724.75246 199.13829 -5.03869 -0.74541 -0.00513 0.01742 -0.01773 0.99968
43724.85264 200.15347 -5.07212 -0.76081 -0.00500 0.01749 -0.01750 0.99968
43724.96264 201.16058 -5.11592 -0.77298 -0.00464 0.01766 -0.01704 0.99969
43725.06246 202.16268 -5.15578 -0.78671 -0.00445 0.01829 -0.01634 0.99969
43725.17247 203.16571 -5.19556 -0.80142 -0.00400 0.01886 -0.01537 0.99970
43725.27246 204.15215 -5.22368 -0.81384 -0.00413 0.01974 -0.01465 0.99969
43725.37248 205.11837 -5.24675 -0.83245 -0.00418 0.01983 -0.01355 0.99970
43725.48252 206.06508 -5.26786 -0.84787 -0.00447 0.01980 -0.01244 0.99972
43725.58243 206.99555 -5.28255 -0.86362 -0.00466 0.01998 -0.01115 0.99973
43725.69240 207.92094 -5.30045 -0.88137 -0.00490 0.02001 -0.00973 0.99974
43725.79244 208.80876 -5.32626 -0.89804 -0.00512 0.01992 -0.00848 0.99975
43725.89244 209.67242 -5.33626 -0.91493 -0.00514 0.01972 -0.00694 0.99977
43726.00276 210.51258 -5.34206 -0.92890 -0.00506 0.01964 -0.00534 0.99978
43726.10245 211.32884 -5.35597 -0.94698 -0.00572 0.01949 -0.00400 0.99979
43726.21240 212.12497 -5.35809 -0.96035 -0.00573 0.01933 -0.00268 0.99979
43726.31244 212.91705 -5.35608 -0.97285 -0.00635 0.01944 -0.00163 0.99979
43726.41243 213.68157 -5.34956 -0.98869 -0.00672 0.01973 -0.00127 0.99978
43726.52247 214.43049 -5.34318 -1.00176 -0.00672 0.02018 -0.00170 0.99977
43726.62245 215.15625 -5.33838 -1.01721 -0.00662 0.02051 -0.00225 0.99977
43726.73257 215.85609 -5.33406 -1.03058 -0.00648 0.02017 -0.00271 0.99977
43726.83243 216.56526 -5.32637 -1.04821 -0.00661 0.01957 -0.00305 0.99978
43726.93248 217.27197 -5.32392 -1.06250 -0.00668 0.01892 -0.00370 0.99979
43727.04246 217.94588 -5.32113 -1.07375 -0.00671 0.01851 -0.00452 0.99980
43727.14243 218.61288 -5.31946 -1.08679 -0.00715 0.01851 -0.00511 0.99979
43727.25240 219.27481 -5.32676 -1.09998 -0.00715 0.01839 -0.00587 0.99979
43727.35258 219.93809 -5.33580 -1.11173 -0.00709 0.01853 -0.00680 0.99978
43727.45260 220.59377 -5.35136 -1.12236 -0.00724 0.01841 -0.00782 0.99977
43727.56237 221.25570 -5.35936 -1.13269 -0.00745 0.01840 -0.00902 0.99976
43727.66245 221.90929 -5.36439 -1.14319 -0.00754 0.01860 -0.01055 0.99974
43727.77243 222.56706 -5.37778 -1.15807 -0.00725 0.01888 -0.01221 0.99972
43727.87241 223.21881 -5.39177 -1.16699 -0.00675 0.01913 -0.01368 0.99970
43727.98261 223.86570 -5.40618 -1.17800 -0.00637 0.01920 -0.01528 0.99968
43728.08236 224.51380 -5.42170 -1.18956 -0.00616 0.01913 -0.01694 0.99965
43728.18240 225.16783 -5.43939 -1.20554 -0.00613 0.01905 -0.01840 0.99963
43728.29241 225.81536 -5.46025 -1.21845 -0.00651 0.01875 -0.02003 0.99960
43728.39240 226.47527 -5.48803 -1.23403 -0.00668 0.01848 -0.02139 0.99958
43728.50261 227.11671 -5.51795 -1.24752 -0.00671 0.01876 -0.02281 0.99954
43728.60236 227.76535 -5.54725 -1.26296 -0.00697 0.01898 -0.02416 0.99950
43728.70241 228.41706 -5.57041 -1.27950 -0.00667 0.01878 -0.02542 0.99948
43728.81237 229.10131 -5.59391 -1.29377 -0.00660 0.01836 -0.02647 0.99946
43728.91239 229.79091 -5.62547 -1.30925 -0.00689 0.01736 -0.02785 0.99944
43729.02241 230.48784 -5.65154 -1.32709 -0.00664 0.01666 -0.02859 0.99943
43729.12237 231.17010 -5.67197 -1.34149 -0.00656 0.01637 -0.02888 0.99943
43729.22240 231.87145 -5.69879 -1.35682 -0.00618 0.01611 -0.02906 0.99943
43729.33252 232.54940 -5.72183 -1.36477 -0.00651 0.01608 -0.02929 0.99942
43729.43262 233.23031 -5.75175 -1.38382 -0.00680 0.01570 -0.02950 0.99942
43729.54240 233.94108 -5.78585 -1.39754 -0.00663 0.01492 -0.02970 0.99943
43729.64238 234.65294 -5.81668 -1.41045 -0.00497 0.01380 -0.03001 0.99944
43729.74236 235.37041 -5.85725 -1.41789 -0.00399 0.01350 -0.03044 0.99944
43729.85251 236.09841 -5.89130 -1.41964 -0.00405 0.01518 -0.03087 0.99940
43729.95256 236.83751 -5.92759 -1.43730 -0.00612 0.01798 -0.03126 0.99933
43730.06242 237.61532 -5.96892 -1.45574 -0.00567 0.01930 -0.03194 0.99929
43730.16235 238.39176 -6.01163 -1.47191 -0.00459 0.01850 -0.03294 0.99928
43730.26232 239.15367 -6.05289 -1.49392 -0.00521 0.01585 -0.03473 0.99926
43730.37235 239.92452 -6.09800 -1.51885 -0.00669 0.01395 -0.03665 0.99921
43730.47239 240.70485 -6.14528 -1.53150 -0.00765 0.01372 -0.03836 0.99914
43730.58232 241.50887 -6.19832 -1.54214 -0.00745 0.01456 -0.04015 0.99906
43730.68233 242.32348 -6.25691 -1.55377 -0.00596 0.01575 -0.04168 0.99899
43730.78238 243.13531 -6.32231 -1.56298 -0.00475 0.01664 -0.04324 0.99891
43730.89236 243.93279 -6.38803 -1.57567 -0.00445 0.01690 -0.04473 0.99885
43730.99241 244.72506 -6.45163 -1.58858 -0.00537 0.01607 -0.04581 0.99881
43731.10234 245.51750 -6.52532 -1.59947 -0.00593 0.01520 -0.04694 0.99876
43731.20234 246.29617 -6.59665 -1.61014 -0.00624 0.01533 -0.04841 0.99869
43731.31233 247.09048 -6.67519 -1.62494 -0.00661 0.01605 -0.04995 0.99860
43731.41233 247.88800 -6.75224 -1.63981 -0.00682 0.01684 -0.05171 0.99850
43731.51237 248.65925 -6.83023 -1.65396 -0.00716 0.01691 -0.05304 0.99842
43731.62235 249.42875 -6.91321 -1.66749 -0.00709 0.01665 -0.05433 0.99836
43731.72232 250.22691 -6.99856 -1.67954 -0.00653 0.01645 -0.05577 0.99829
43731.83244 251.03880 -7.08812 -1.69147 -0.00553 0.01661 -0.05700 0.99822
43731.93252 251.83754 -7.18396 -1.70261 -0.00459 0.01677 -0.05776 0.99818
43732.03237 252.63518 -7.27837 -1.71750 -0.00432 0.01682 -0.05825 0.99815
43732.14233 253.41935 -7.36958 -1.73247 -0.00413 0.01688 -0.05857 0.99813
43732.24231 254.16528 -7.45945 -1.74602 -0.00435 0.01725 -0.05861 0.99812
43732.35243 254.92354 -7.54416 -1.75752 -0.00477 0.01749 -0.05841 0.99813
43732.45253 255.70467 -7.64035 -1.77075 -0.00473 0.01725 -0.05803 0.99815
43732.55237 256.48623 -7.73183 -1.78111 -0.00473 0.01677 -0.05736 0.99820
43732.66231 257.28307 -7.81611 -1.79145 -0.00513 0.01673 -0.05675 0.99824
43732.76231 258.09023 -7.90619 -1.80213 -0.00565 0.01668 -0.05601 0.99828
43732.86224 258.87707 -7.98860 -1.81215 -0.00625 0.01697 -0.05528 0.99831
43732.97248 259.66577 -8.07634 -1.82375 -0.00661 0.01744 -0.05433 0.99835
43733.07229 260.46684 -8.16323 -1.83547 -0.00678 0.01805 -0.05304 0.99841
43733.18232 261.26636 -8.25045 -1.85010 -0.00614 0.01898 -0.05119 0.99849
43733.28228 262.06425 -8.33162 -1.85943 -0.00565 0.02002 -0.04907 0.99858
43733.38229 262.84901 -8.41121 -1.87643 -0.00526 0.02089 -0.04692 0.99867
43733.49237 263.60269 -8.48162 -1.89383 -0.00491 0.02124 -0.04484 0.99876
43733.59229 264.33396 -8.54877 -1.91345 -0.00464 0.02161 -0.04242 0.99886
43733.70226 265.05836 -8.61106 -1.93455 -0.00422 0.02165 -0.04048 0.99894
43733.80225 265.78613 -8.66792 -1.94835 -0.00419 0.02172 -0.03838 0.99902
43733.90235 266.48986 -8.71956 -1.96656 -0.00423 0.02159 -0.03651 0.99909
43734.01233 267.16253 -8.76435 -1.98380 -0.00437 0.02153 -0.03469 0.99916
43734.11223 267.81172 -8.79937 -1.99566 -0.00422 0.02161 -0.03287 0.99922
43734.22225 268.43816 -8.83229 -2.00879 -0.00365 0.02132 -0.03088 0.99929
43734.32227 269.07130 -8.86752 -2.01821 -0.00407 0.02085 -0.02863 0.99936
43734.42226 269.69112 -8.90255 -2.02845 -0.00463 0.02025 -0.02568 0.99945
43734.53241 270.29077 -8.93054 -2.04373 -0.00485 0.01968 -0.02184 0.99956
43734.63223 270.85854 -8.95214 -2.05734 -0.00469 0.01930 -0.01677 0.99966
43734.74231 271.42710 -8.96599 -2.06806 -0.00461 0.01936 -0.01034 0.99975
43734.84226 271.97353 -8.97187 -2.07738 -0.00501 0.01972 -0.00200 0.99979
43734.94245 272.52317 -8.96784 -2.08689 -0.00598 0.02028 0.00775 0.99975
43735.05224 273.03186 -8.95151 -2.09606 -0.00673 0.02027 0.01868 0.99960
43735.15225 273.51433 -8.92286 -2.10816 -0.00711 0.02035 0.03091 0.99929
43735.26224 273.95306 -8.87871 -2.12418 -0.00732 0.02055 0.04473 0.99876
43735.36224 274.42054 -8.82204 -2.14058 -0.00767 0.02121 0.05980 0.99796
43735.46245 274.92544 -8.75734 -2.15549 -0.00714 0.02200 0.07651 0.99680
43735.57229 275.39001 -8.66790 -2.16757 -0.00665 0.02287 0.09443 0.99525
43735.67226 275.84972 -8.56801 -2.18107 -0.00673 0.02418 0.11352 0.99322
43735.77227 276.28214 -8.45048 -2.19577 -0.00699 0.02536 0.13319 0.99074
43735.88221 276.71454 -8.32613 -2.21904 -0.00661 0.02613 0.15395 0.98771
43735.98238 277.12383 -8.18050 -2.23434 -0.00589 0.02719 0.17535 0.98411
43736.09220 277.50410 -8.02363 -2.25491 -0.00498 0.02791 0.19751 0.97989
43736.19223 277.84664 -7.84749 -2.27243 -0.00374 0.02867 0.22070 0.97491
43736.29218 278.18685 -7.64453 -2.29267 -0.00248 0.02938 0.24475 0.96914
43736.40215 278.53628 -7.42671 -2.31225 -0.00159 0.03034 0.26958 0.96250
43736.50240 278.81315 -7.18898 -2.33198 -0.00129 0.03047 0.29477 0.95508
43736.60228 279.10130 -6.93131 -2.35702 0.00016 0.03067 0.32020 0.94685
43736.71221 279.38806 -6.65562 -2.38283 0.00229 0.03176 0.34654 0.93750
43736.81222 279.68584 -6.36571 -2.40177 0.00482 0.03406 0.37389 0.92684
43736.92222 279.96557 -6.07025 -2.41079 0.00668 0.03637 0.40227 0.91477
43737.02236 280.25671 -5.77105 -2.41659 0.00603 0.03761 0.43127 0.90142
43737.12218 280.47986 -5.44806 -2.42798 0.00385 0.03799 0.45954 0.88734
43737.23234 280.67125 -5.12182 -2.45035 0.00268 0.03784 0.48734 0.87239
43737.33230 280.83691 -4.79282 -2.46779 0.00251 0.03816 0.51468 0.85653
43737.43242 281.02260 -4.45952 -2.49158 0.00288 0.03902 0.54129 0.83993
43737.54226 281.19746 -4.11954 -2.50576 0.00322 0.04031 0.56695 0.82276
43737.64226 281.33567 -3.76539 -2.52325 0.00336 0.04183 0.59223 0.80468
43737.75221 281.44904 -3.39148 -2.53053 0.00393 0.04353 0.61729 0.78552
43737.85233 281.54256 -3.01215 -2.55276 0.00328 0.04422 0.64256 0.76495
43737.95241 281.62110 -2.60193 -2.57020 0.00259 0.04583 0.66733 0.74335
43738.06223 281.68214 -2.18436 -2.59388 0.00128 0.04745 0.69168 0.72065
43738.16222 281.72111 -1.75319 -2.61378 0.00023 0.04932 0.71574 0.69662
43738.27219 281.71051 -1.31236 -2.63504 -0.00077 0.05093 0.73890 0.67189
43738.37220 281.68236 -0.88457 -2.65800 -0.00123 0.05280 0.76094 0.64667
43738.47223 281.61728 -0.43417 -2.67711 -0.00124 0.05450 0.78218 0.62066
43738.58224 281.51116 0.01978 -2.70102 -0.00074 0.05534 0.80221 0.59447
43738.68219 281.38584 0.47298 -2.72290 0.00009 0.05579 0.82092 0.56831
43738.78218 281.22769 0.93000 -2.75149 0.00073 0.05591 0.83828 0.54236
43738.89217 281.04724 1.39404 -2.77941 0.00134 0.05580 0.85418 0.51697
43738.99228 280.82599 1.86807 -2.80575 0.00185 0.05547 0.86822 0.49307
43739.10217 280.56870 2.34455 -2.83008 0.00185 0.05540 0.88057 0.47067
43739.20220 280.27533 2.83253 -2.85982 0.00220 0.05663 0.89185 0.44876
43739.31216 279.93115 3.32452 -2.88607 0.00216 0.05942 0.90243 0.42671
43739.41218 279.53593 3.82825 -2.90474 0.00195 0.06169 0.91270 0.40395
43739.51220 279.10075 4.31718 -2.92306 0.00197 0.06247 0.92237 0.38122
43739.62217 278.64658 4.79082 -2.94847 0.00293 0.06179 0.93111 0.35947
43739.72218 278.14320 5.26684 -2.97093 0.00495 0.06061 0.93913 0.33814
43739.83232 277.61704 5.72806 -3.00264 0.00694 0.05909 0.94648 0.31723
43739.93234 277.05407 6.19093 -3.01758 0.00859 0.05760 0.95315 0.29685
43740.04222 276.43166 6.63797 -3.03517 0.00885 0.05689 0.95919 0.27683
43740.14222 275.75832 7.05769 -3.03796 0.00889 0.05541 0.96478 0.25702
43740.24212 275.06975 7.46446 -3.05160 0.00947 0.05493 0.96993 0.23690
43740.35227 274.32374 7.85806 -3.05935 0.00994 0.05577 0.97467 0.21635
43740.45222 273.52874 8.23231 -3.05084 0.00995 0.05709 0.97888 0.19607
43740.56215 272.70664 8.57627 -3.05500 0.00928 0.05722 0.98262 0.17632
43740.66214 271.86133 8.89335 -3.04775 0.00889 0.05822 0.98579 0.15729
43740.76213 270.98681 9.18049 -3.04037 0.00879 0.05815 0.98859 0.13868
43740.87216 270.08016 9.44288 -3.04160 0.01013 0.05789 0.99094 0.12076
43740.97224 269.14247 9.68241 -3.03301 0.01123 0.05738 0.99289 0.10367
43741.08210 268.14973 9.89625 -3.01891 0.01132 0.05691 0.99449 0.08736
43741.18214 267.15329 10.07323 -3.00554 0.01123 0.05612 0.99579 0.07162
43741.29212 266.12043 10.22645 -2.98838 0.01173 0.05561 0.99677 0.05681
43741.39213 265.08146 10.34421 -2.96296 0.01179 0.05524 0.99747 0.04320
43741.49217 263.99022 10.42930 -2.93332 0.01117 0.05453 0.99798 0.03076
43741.60213 262.88818 10.49153 -2.90406 0.01079 0.05379 0.99831 0.01893
43741.70218 261.75980 10.52894 -2.86906 0.01095 0.05307 0.99850 0.00822
43741.81215 260.65779 10.53519 -2.83099 0.01179 0.05131 0.99861 -0.00045
43741.91212 259.52183 10.52828 -2.79871 0.01221 0.04920 0.99869 -0.00695
43742.01228 258.35675 10.51101 -2.76064 0.01150 0.04742 0.99874 -0.01159
43742.12211 257.17930 10.47163 -2.72766 0.01107 0.04625 0.99878 -0.01355
43742.22209 255.99314 10.42646 -2.69014 0.01154 0.04590 0.99878 -0.01407
43742.33210 254.77471 10.38293 -2.65382 0.01180 0.04532 0.99881 -0.01337
43742.43232 253.54281 10.34171 -2.61891 0.01132 0.04535 0.99883 -0.01247
43742.54221 252.29596 10.29777 -2.57914 0.01101 0.04508 0.99886 -0.01152
43742.64213 251.00137 10.26506 -2.53679 0.01052 0.04496 0.99889 -0.00978
43742.74208 249.70308 10.23727 -2.49937 0.00969 0.04444 0.99894 -0.00738
43742.85224 248.40843 10.21617 -2.45467 0.00861 0.04455 0.99896 -0.00478
43742.95227 247.10702 10.20185 -2.41195 0.00785 0.04451 0.99898 -0.00234
43743.06213 245.82214 10.18492 -2.37002 0.00760 0.04456 0.99898 0.00004
43743.16210 244.55578 10.18519 -2.33352 0.00770 0.04412 0.99899 0.00267
43743.26211 243.28421 10.18964 -2.29767 0.00786 0.04364 0.99900 0.00520
43743.37208 241.96901 10.19797 -2.25522 0.00777 0.04309 0.99901 0.00777
43743.47236 240.64033 10.21666 -2.21715 0.00667 0.04272 0.99901 0.01000
43743.58210 239.33094 10.24440 -2.18324 0.00541 0.04286 0.99899 0.01227
43743.68209 238.03953 10.28006 -2.15278 0.00507 0.04333 0.99895 0.01429
43743.78206 236.72985 10.31364 -2.11968 0.00525 0.04347 0.99891 0.01598
43743.89209 235.38980 10.35177 -2.09345 0.00565 0.04341 0.99889 0.01739
43743.99222 234.07148 10.39191 -2.05751 0.00694 0.04336 0.99886 0.01861
43744.10213 232.72840 10.44499 -2.02447 0.00765 0.04309 0.99885 0.01957
43744.20203 231.39761 10.48789 -1.99282 0.00690 0.04276 0.99885 0.02063
43744.30207 230.04679 10.54668 -1.96179 0.00627 0.04312 0.99882 0.02160
43744.41207 228.72383 10.59318 -1.93269 0.00612 0.04331 0.99880 0.02211
43744.51214 227.40116 10.64032 -1.89773 0.00567 0.04378 0.99878 0.02215
43744.62207 226.06877 10.68706 -1.86945 0.00572 0.04434 0.99876 0.02196
43744.72207 224.72702 10.73058 -1.83417 0.00618 0.04501 0.99873 0.02163
43744.82215 223.36352 10.78144 -1.80382 0.00685 0.04558 0.99871 0.02124
43744.93228 222.00599 10.84628 -1.77110 0.00640 0.04592 0.99871 0.02062
43745.03213 220.63993 10.91476 -1.73819 0.00524 0.04598 0.99873 0.01995
43745.13211 219.26004 10.97989 -1.69986 0.00427 0.04579 0.99875 0.01937
43745.24205 217.88633 11.03743 -1.67377 0.00391 0.04494 0.99880 0.01908
43745.34205 216.51884 11.09140 -1.64544 0.00418 0.04414 0.99884 0.01859
43745.45222 215.14407 11.13262 -1.62018 0.00415 0.04370 0.99887 0.01814
43745.55207 213.75438 11.17217 -1.59060 0.00479 0.04446 0.99884 0.01785
43745.65205 212.35900 11.21960 -1.55760 0.00527 0.04429 0.99885 0.01757
43745.76198 210.96601 11.26781 -1.52535 0.00504 0.04460 0.99884 0.01741
43745.86201 209.55728 11.30072 -1.49441 0.00479 0.04451 0.99885 0.01729
43745.96220 208.15852 11.34128 -1.45776 0.00425 0.04465 0.99884 0.01735
43746.07207 206.76018 11.39050 -1.43005 0.00378 0.04437 0.99886 0.01749
43746.17204 205.35488 11.43260 -1.39591 0.00378 0.04481 0.99883 0.01756
43746.28206 203.94717 11.47552 -1.36233 0.00415 0.04472 0.99884 0.01752
43746.38209 202.55803 11.51782 -1.33025 0.00382 0.04507 0.99882 0.01754
43746.48223 201.16804 11.54922 -1.30461 0.00320 0.04538 0.99881 0.01761
43746.59201 199.76851 11.59695 -1.27930 0.00340 0.04551 0.99880 0.01768
43746.69204 198.35914 11.64816 -1.24630 0.00419 0.04518 0.99881 0.01802
43746.79207 196.94771 11.68960 -1.21366 0.00407 0.04496 0.99882 0.01767
43746.90201 195.50741 11.73920 -1.17990 0.00407 0.04495 0.99882 0.01789
43747.00223 194.06500 11.78258 -1.14977 0.00451 0.04482 0.99882 0.01793
43747.11203 192.62233 11.82439 -1.11737 0.00394 0.04442 0.99884 0.01804
43747.21201 191.18326 11.86908 -1.08979 0.00308 0.04399 0.99886 0.01820
43747.31203 189.76377 11.90825 -1.06187 0.00299 0.04395 0.99886 0.01823
43747.42205 188.34213 11.95847 -1.03565 0.00304 0.04445 0.99884 0.01819
43747.52208 186.92893 12.00129 -1.00506 0.00294 0.04460 0.99884 0.01798
43747.62201 185.50897 12.04969 -0.97053 0.00226 0.04481 0.99883 0.01823
43747.73212 184.07984 12.10409 -0.94626 0.00120 0.04461 0.99883 0.01861
43747.83214 182.66450 12.14702 -0.91916 0.00098 0.04465 0.99882 0.01885
43747.94214 181.23179 12.19498 -0.89582 0.00079 0.04412 0.99884 0.01936
43748.04203 179.79652 12.25098 -0.87115 0.00060 0.04350 0.99885 0.02000
43748.14202 178.38677 12.29944 -0.85652 0.00084 0.04371 0.99884 0.02041
43748.25200 176.97876 12.35114 -0.83400 0.00123 0.04460 0.99879 0.02090
43748.35213 175.56337 12.39661 -0.81056 0.00124 0.04470 0.99877 0.02123
43748.45209 174.14608 12.44577 -0.77811 0.00095 0.04459 0.99877 0.02162
43748.56199 172.71353 12.49722 -0.75585 0.00104 0.04463 0.99877 0.02176
43748.66203 171.30079 12.53749 -0.73245 0.00072 0.04461 0.99876 0.02211
43748.77199 169.88522 12.61188 -0.71712 -0.00009 0.04480 0.99875 0.02234
43748.87199 168.47848 12.67814 -0.69804 -0.00028 0.04512 0.99872 0.02302
43748.97211 167.08751 12.72424 -0.67916 0.00015 0.04536 0.99869 0.02381
43749.08198 165.69423 12.78504 -0.65957 0.00034 0.04551 0.99866 0.02477
43749.18199 164.30553 12.84637 -0.63527 -0.00044 0.04600 0.99861 0.02575
43749.28198 162.92587 12.89958 -0.61464 -0.00136 0.04663 0.99854 0.02715
43749.39196 161.57580 12.96826 -0.59402 -0.00120 0.04723 0.99847 0.02859
43749.49201 160.22166 13.02772 -0.57180 -0.00152 0.04744 0.99843 0.02970
43749.60196 158.86975 13.09003 -0.54884 -0.00217 0.04774 0.99838 0.03097
43749.70194 157.56047 13.15056 -0.53300 -0.00305 0.04768 0.99833 0.03249
43749.80198 156.24830 13.23676 -0.51614 -0.00363 0.04801 0.99827 0.03380
43749.91197 154.97908 13.32324 -0.50808 -0.00353 0.04804 0.99823 0.03483
43750.01202 153.72926 13.40885 -0.49415 -0.00386 0.04806 0.99819 0.03593
43750.11195 152.47415 13.50184 -0.48714 -0.00491 0.04810 0.99815 0.03684
43750.22203 151.24435 13.59364 -0.47799 -0.00525 0.04835 0.99811 0.03764
43750.32193 150.02046 13.67914 -0.46181 -0.00465 0.04832 0.99810 0.03792
43750.43209 148.83060 13.77431 -0.45667 -0.00445 0.04750 0.99813 0.03809
43750.53210 147.67293 13.85816 -0.44221 -0.00460 0.04804 0.99811 0.03814
43750.63203 146.54738 13.94076 -0.42828 -0.00468 0.04813 0.99810 0.03828
43750.74190 145.44101 14.02825 -0.41809 -0.00530 0.04804 0.99810 0.03825
43750.84196 144.35656 14.11756 -0.41055 -0.00617 0.04837 0.99807 0.03850
43750.94209 143.33561 14.19307 -0.40684 -0.00660 0.04825 0.99806 0.03867
43751.05192 142.34495 14.26994 -0.39791 -0.00637 0.04771 0.99808 0.03886
43751.15190 141.36669 14.34450 -0.39780 -0.00582 0.04799 0.99808 0.03884
43751.26191 140.41893 14.41823 -0.38799 -0.00542 0.04828 0.99805 0.03910
43751.36193 139.50741 14.48590 -0.38489 -0.00565 0.04766 0.99808 0.03926
43751.46205 138.61056 14.55466 -0.37521 -0.00611 0.04816 0.99804 0.03944
43751.57193 137.74417 14.61782 -0.36835 -0.00648 0.04828 0.99803 0.03944
43751.67191 136.88716 14.67489 -0.36499 -0.00670 0.04853 0.99802 0.03957
43751.77192 136.08307 14.73543 -0.36097 -0.00704 0.04863 0.99800 0.03968
43751.88191 135.29860 14.79398 -0.35683 -0.00718 0.04813 0.99802 0.03979
43751.98212 134.52049 14.84856 -0.35395 -0.00605 0.04835 0.99800 0.04020
43752.09188 133.73226 14.90543 -0.35413 -0.00500 0.04988 0.99791 0.04071
43752.19191 132.97178 14.95226 -0.34534 -0.00491 0.05071 0.99786 0.04087
43752.29190 132.23115 15.00353 -0.33892 -0.00518 0.05030 0.99787 0.04114
43752.40197 131.52020 15.05946 -0.33799 -0.00494 0.05042 0.99787 0.04108
43752.50212 130.81495 15.10834 -0.33035 -0.00429 0.05134 0.99781 0.04137
43752.61193 130.14360 15.15134 -0.32402 -0.00422 0.05192 0.99778 0.04159
43752.71192 129.47340 15.19143 -0.31584 -0.00474 0.05192 0.99774 0.04228
43752.81187 128.78973 15.23988 -0.31611 -0.00512 0.05215 0.99771 0.04281
43752.92196 128.12961 15.28337 -0.30933 -0.00495 0.05242 0.99766 0.04372
43753.02197 127.48329 15.32105 -0.30662 -0.00462 0.05283 0.99760 0.04458
43753.13192 126.82066 15.37238 -0.30326 -0.00420 0.05319 0.99755 0.04519
43753.23200 126.15081 15.42391 -0.30080 -0.00334 0.05373 0.99750 0.04587
43753.33186 125.48231 15.47288 -0.29250 -0.00232 0.05393 0.99746 0.04651
43753.44205 124.81717 15.51930 -0.28310 -0.00160 0.05429 0.99740 0.04736
43753.54193 124.15211 15.57888 -0.27615 -0.00087 0.05360 0.99741 0.04789
43753.65189 123.48028 15.64172 -0.27059 -0.00046 0.05260 0.99745 0.04827
43753.75186 122.82056 15.69274 -0.27577 -0.00084 0.05315 0.99741 0.04847
43753.85202 122.15314 15.75495 -0.25965 -0.00216 0.05443 0.99731 0.04895
43753.96202 121.49064 15.81615 -0.24919 -0.00225 0.05309 0.99737 0.04924
43754.06202 120.84372 15.87313 -0.24558 -0.00152 0.05014 0.99749 0.05004
43754.17185 120.18248 15.92166 -0.26048 0.00095 0.04932 0.99752 0.05011
43754.27187 119.52695 15.96735 -0.25134 0.00367 0.04976 0.99750 0.05004
43754.37186 118.84750 16.02751 -0.24139 0.00444 0.04844 0.99755 0.05020
43754.48206 118.15878 16.09278 -0.23307 0.00340 0.04614 0.99768 0.04989
43754.58200 117.44321 16.16126 -0.22944 0.00181 0.04490 0.99776 0.04957
43754.69186 116.72637 16.23252 -0.22286 0.00062 0.04417 0.99782 0.04907
43754.79183 116.01771 16.29251 -0.21734 0.00027 0.04419 0.99785 0.04837
43754.89186 115.30560 16.35490 -0.20893 0.00051 0.04416 0.99792 0.04700
43755.00218 114.57891 16.42113 -0.20665 0.00103 0.04371 0.99801 0.04545
43755.10187 113.84867 16.48345 -0.20153 0.00086 0.04270 0.99812 0.04404
43755.21184 113.07874 16.55433 -0.20061 -0.00043 0.04217 0.99820 0.04269
43755.31184 112.28629 16.64129 -0.20095 -0.00246 0.04220 0.99827 0.04098
43755.41184 111.48793 16.72562 -0.19955 -0.00354 0.04306 0.99829 0.03940
43755.52188 110.67721 16.80142 -0.19980 -0.00372 0.04368 0.99833 0.03760
43755.62195 109.83094 16.85918 -0.20150 -0.00343 0.04437 0.99836 0.03604
43755.73200 108.98225 16.91652 -0.20970 -0.00226 0.04503 0.99840 0.03415
43755.83194 108.13373 16.97444 -0.21424 -0.00198 0.04600 0.99841 0.03261
43755.93192 107.27589 17.03027 -0.21784 -0.00235 0.04666 0.99843 0.03088
43756.04191 106.36809 17.07377 -0.22037 -0.00316 0.04736 0.99844 0.02926
43756.14182 105.44106 17.12700 -0.22360 -0.00421 0.04817 0.99846 0.02723
43756.25184 104.50765 17.18199 -0.22713 -0.00411 0.04959 0.99844 0.02528
43756.35194 103.54366 17.21225 -0.22857 -0.00318 0.05042 0.99845 0.02317
43756.45201 102.56074 17.24109 -0.23217 -0.00179 0.05053 0.99849 0.02133
43756.56181 101.54627 17.26936 -0.23135 -0.00116 0.05059 0.99853 0.01926
43756.66182 100.53337 17.29949 -0.23196 -0.00114 0.05088 0.99854 0.01790
43756.77180 99.50323 17.32154 -0.22979 -0.00072 0.05108 0.99855 0.01707
43756.87181 98.46579 17.35845 -0.22607 0.00008 0.05082 0.99857 0.01647
43756.97195 97.41036 17.38956 -0.22902 0.00184 0.05074 0.99857 0.01669
43757.08182 96.33485 17.42750 -0.22604 0.00268 0.05095 0.99856 0.01687
43757.18187 95.22125 17.47114 -0.22383 0.00121 0.05098 0.99855 0.01705
43757.29186 94.10266 17.50474 -0.21446 -0.00154 0.05129 0.99854 0.01716
43757.39181 92.96353 17.54344 -0.21102 -0.00273 0.05241 0.99848 0.01703
43757.49183 91.82979 17.57882 -0.21136 -0.00220 0.05207 0.99849 0.01736
43757.60182 90.68189 17.61470 -0.20998 -0.00185 0.05182 0.99850 0.01775
43757.70180 89.48816 17.65913 -0.21367 -0.00182 0.05127 0.99852 0.01804
43757.81183 88.29018 17.69769 -0.20886 -0.00142 0.05129 0.99852 0.01820
43757.91178 87.07078 17.73230 -0.21099 -0.00119 0.05134 0.99851 0.01842
43758.01199 85.82391 17.77698 -0.20696 -0.00278 0.05141 0.99850 0.01867
43758.12179 84.57038 17.82782 -0.20611 -0.00363 0.05157 0.99848 0.01935
43758.22181 83.32912 17.87291 -0.20253 -0.00324 0.05087 0.99850 0.02005
43758.33182 82.05283 17.91705 -0.20950 -0.00353 0.04996 0.99852 0.02112
43758.43202 80.77148 17.96517 -0.21181 -0.00284 0.04946 0.99853 0.02211
43758.53185 79.47686 18.01002 -0.21751 0.00092 0.04967 0.99848 0.02372
43758.64179 78.14571 18.06912 -0.21810 0.00235 0.04914 0.99848 0.02477
43758.74186 76.79556 18.13671 -0.20674 -0.00106 0.04918 0.99845 0.02605
43758.85190 75.44994 18.21646 -0.20268 -0.00417 0.04947 0.99840 0.02707
43758.95193 74.07952 18.27892 -0.20741 -0.00472 0.04926 0.99838 0.02812
43759.05177 72.69457 18.35707 -0.21688 -0.00416 0.04895 0.99837 0.02909
43759.16173 71.30055 18.44130 -0.22185 -0.00385 0.04904 0.99833 0.03029
43759.26175 69.91146 18.52806 -0.22745 -0.00391 0.04932 0.99829 0.03111
43759.37175 68.48679 18.60966 -0.23288 -0.00420 0.05001 0.99823 0.03200
43759.47207 67.04983 18.69925 -0.23385 -0.00505 0.05000 0.99819 0.03290
43759.57174 65.60954 18.79025 -0.22892 -0.00601 0.04976 0.99817 0.03394
43759.68171 64.16656 18.87963 -0.22887 -0.00756 0.04896 0.99817 0.03481
43759.78178 62.73140 18.96949 -0.23833 -0.00919 0.04867 0.99813 0.03569
43759.89174 61.30633 19.06872 -0.24011 -0.00955 0.04866 0.99810 0.03646
43759.99182 59.87195 19.16817 -0.24238 -0.00928 0.04846 0.99809 0.03709
43760.09177 58.43121 19.27101 -0.24968 -0.00898 0.04857 0.99807 0.03770
43760.20170 56.99929 19.38491 -0.25411 -0.00925 0.04890 0.99803 0.03812
43760.30182 55.57547 19.49076 -0.26373 -0.00974 0.04816 0.99806 0.03831
43760.40171 54.15679 19.59167 -0.27114 -0.00935 0.04796 0.99806 0.03856
43760.51178 52.71683 19.70039 -0.28460 -0.00833 0.04788 0.99807 0.03860
43760.61173 51.29413 19.81772 -0.28858 -0.00901 0.04777 0.99807 0.03867
43760.72173 49.87181 19.93792 -0.29418 -0.01087 0.04787 0.99807 0.03813
43760.82174 48.42865 20.04829 -0.30689 -0.01193 0.04812 0.99805 0.03791
43760.92174 47.00438 20.15308 -0.32893 -0.01159 0.04791 0.99808 0.03763
43761.03200 45.56915 20.24851 -0.34479 -0.00989 0.04771 0.99813 0.03704
43761.13173 44.14243 20.35050 -0.35911 -0.00839 0.04693 0.99820 0.03648
43761.24166 42.73026 20.44398 -0.36627 -0.00805 0.04704 0.99822 0.03586
43761.34175 41.32716 20.53960 -0.37146 -0.00854 0.04666 0.99824 0.03567
43761.44192 39.90521 20.63935 -0.37648 -0.00987 0.04726 0.99821 0.03533
43761.55180 38.50231 20.72891 -0.38715 -0.01123 0.04723 0.99821 0.03493
43761.65171 37.09168 20.82385 -0.39896 -0.01131 0.04648 0.99827 0.03429
43761.75169 35.68433 20.91327 -0.40929 -0.00976 0.04613 0.99830 0.03428
43761.86178 34.28528 20.99655 -0.42008 -0.00880 0.04606 0.99830 0.03475
43761.96181 32.87882 21.09631 -0.43081 -0.00895 0.04641 0.99827 0.03492
43762.07169 31.47235 21.20756 -0.43819 -0.01009 0.04701 0.99822 0.03531
43762.17170 30.08263 21.30952 -0.44508 -0.01064 0.04689 0.99820 0.03573
43762.27173 28.70410 21.39648 -0.45281 -0.01024 0.04635 0.99821 0.03628
43762.38174 27.34075 21.49153 -0.46683 -0.01012 0.04564 0.99824 0.03648
43762.48171 25.96519 21.58967 -0.47762 -0.00949 0.04546 0.99824 0.03688
43762.58177 24.57285 21.68909 -0.48674 -0.00880 0.04557 0.99823 0.03725
43762.69171 23.18198 21.78094 -0.49276 -0.00889 0.04597 0.99821 0.03733
43762.79168 21.77987 21.88057 -0.49079 -0.00938 0.04668 0.99816 0.03747
43762.90169 20.37931 21.97956 -0.49675 -0.00959 0.04680 0.99815 0.03759
43763.00195 18.97651 22.08772 -0.50401 -0.00913 0.04679 0.99816 0.03743
43763.10168 17.60997 22.18887 -0.51135 -0.00923 0.04577 0.99820 0.03753
43763.21168 16.20910 22.30148 -0.52339 -0.00936 0.04519 0.99823 0.03754
43763.31162 14.82134 22.41072 -0.53297 -0.00930 0.04467 0.99825 0.03750
43763.41166 13.46278 22.50828 -0.54774 -0.00979 0.04467 0.99825 0.03743
43763.52172 12.11165 22.60412 -0.55539 -0.00992 0.04474 0.99825 0.03746
43763.62167 10.75783 22.70131 -0.56493 -0.01019 0.04517 0.99822 0.03750
43763.73169 9.41538 22.80403 -0.57371 -0.01054 0.04537 0.99821 0.03744
43763.83179 8.06453 22.90434 -0.58647 -0.00935 0.04518 0.99823 0.03756
43763.93184 6.71858 23.00405 -0.59551 -0.00748 0.04405 0.99829 0.03783
43764.04173 5.37380 23.10431 -0.59765 -0.00687 0.04251 0.99837 0.03755
43764.14175 4.07229 23.21036 -0.60444 -0.00765 0.04066 0.99844 0.03736
43764.25169 2.75016 23.31274 -0.61646 -0.00850 0.04014 0.99847 0.03700
43764.35182 1.43138 23.40885 -0.62704 -0.00920 0.04063 0.99845 0.03700
43764.45177 0.09178 23.51014 -0.63382 -0.01022 0.04241 0.99837 0.03671
43764.56167 -1.23977 23.60079 -0.64760 -0.01060 0.04410 0.99830 0.03660
43764.66165 -2.55262 23.69109 -0.65332 -0.01033 0.04529 0.99825 0.03666
43764.76164 -3.86325 23.78549 -0.66454 -0.00962 0.04570 0.99823 0.03671
43764.87166 -5.17808 23.88054 -0.67519 -0.00896 0.04541 0.99825 0.03672
43764.97176 -6.50989 23.97583 -0.68148 -0.00871 0.04442 0.99830 0.03676
43765.08163 -7.84166 24.06993 -0.69306 -0.00903 0.04374 0.99832 0.03677
43765.18166 -9.15724 24.17310 -0.70442 -0.00898 0.04344 0.99834 0.03669
43765.28162 -10.48467 24.26916 -0.71377 -0.00843 0.04349 0.99835 0.03666
43765.39164 -11.81001 24.35890 -0.72481 -0.00829 0.04313 0.99836 0.03675
43765.49168 -13.15968 24.45361 -0.73211 -0.00865 0.04292 0.99837 0.03660
43765.59165 -14.49599 24.54397 -0.73564 -0.00867 0.04263 0.99839 0.03647
43765.70171 -15.83904 24.64321 -0.74004 -0.00918 0.04186 0.99842 0.03643
43765.80162 -17.19013 24.73869 -0.75165 -0.01022 0.04064 0.99846 0.03633
43765.91164 -18.53616 24.82706 -0.76659 -0.01015 0.04029 0.99848 0.03615
43766.01173 -19.88470 24.92088 -0.78041 -0.00919 0.03992 0.99851 0.03611
43766.11164 -21.22693 25.01194 -0.79008 -0.00888 0.03963 0.99853 0.03595
43766.22160 -22.57661 25.10904 -0.80351 -0.00938 0.03931 0.99854 0.03570
43766.32166 -23.92060 25.19858 -0.81769 -0.00852 0.03891 0.99857 0.03575
43766.42166 -25.28897 25.28660 -0.82994 -0.00705 0.03835 0.99860 0.03581
43766.53169 -26.68391 25.38864 -0.83562 -0.00694 0.03814 0.99861 0.03568
43766.63166 -28.05571 25.47435 -0.84477 -0.00745 0.03856 0.99859 0.03564
43766.74160 -29.44415 25.56449 -0.85201 -0.00760 0.03975 0.99856 0.03522
43766.84164 -30.83516 25.65699 -0.85242 -0.00744 0.04050 0.99855 0.03474
43766.94172 -32.22271 25.75463 -0.87040 -0.00716 0.04047 0.99855 0.03464
43767.05165 -33.64122 25.84933 -0.86576 -0.00658 0.04025 0.99857 0.03454
43767.15159 -35.05820 25.93868 -0.87373 -0.00718 0.03930 0.99861 0.03443
43767.25160 -36.47010 26.02642 -0.88854 -0.00831 0.03942 0.99861 0.03407
43767.36162 -37.86244 26.11710 -0.89811 -0.00848 0.04037 0.99858 0.03377
43767.46168 -39.24524 26.20734 -0.90928 -0.00803 0.04144 0.99855 0.03332
43767.57165 -40.61893 26.29054 -0.91309 -0.00826 0.04197 0.99855 0.03274
43767.67160 -42.00192 26.37589 -0.91696 -0.00868 0.04255 0.99853 0.03240
43767.77162 -43.38323 26.46411 -0.91877 -0.00894 0.04318 0.99851 0.03228
43767.88159 -44.75847 26.54170 -0.92171 -0.00915 0.04429 0.99847 0.03187
43767.98183 -46.15772 26.61871 -0.92249 -0.00979 0.04460 0.99846 0.03153
43768.09157 -47.53816 26.69786 -0.92692 -0.01003 0.04473 0.99846 0.03135
43768.19159 -48.93001 26.77464 -0.93102 -0.00855 0.04539 0.99844 0.03142
43768.29158 -50.31110 26.86323 -0.93728 -0.00666 0.04592 0.99844 0.03115
43768.40159 -51.69171 26.95297 -0.93686 -0.00658 0.04619 0.99842 0.03116
43768.50175 -53.06273 27.03794 -0.93894 -0.00761 0.04647 0.99842 0.03075
43768.60161 -54.43362 27.12375 -0.94515 -0.00809 0.04635 0.99842 0.03061
43768.71154 -55.81831 27.20305 -0.94986 -0.00781 0.04624 0.99843 0.03058
43768.81157 -57.20239 27.28460 -0.95533 -0.00801 0.04610 0.99844 0.03038
43768.92156 -58.55908 27.36976 -0.96441 -0.00829 0.04619 0.99845 0.03005
43769.02160 -59.93162 27.44951 -0.96938 -0.00766 0.04605 0.99845 0.03028
43769.12157 -61.29326 27.52389 -0.97103 -0.00774 0.04550 0.99847 0.03057
43769.23173 -62.64214 27.60382 -0.97528 -0.00817 0.04535 0.99846 0.03076
43769.33159 -64.00776 27.68985 -0.98401 -0.00846 0.04578 0.99843 0.03112
43769.43160 -65.37002 27.77055 -0.98788 -0.00812 0.04606 0.99841 0.03142
43769.54167 -66.71583 27.85060 -0.98891 -0.00828 0.04571 0.99842 0.03168
43769.64152 -68.04970 27.93339 -0.99238 -0.00869 0.04558 0.99840 0.03224
43769.75152 -69.38257 28.02085 -0.99389 -0.00909 0.04529 0.99840 0.03275
43769.85169 -70.73116 28.10684 -1.00814 -0.00929 0.04516 0.99839 0.03293
43769.95172 -72.09059 28.19374 -1.01366 -0.00946 0.04507 0.99839 0.03317
43770.06157 -73.42847 28.27972 -1.02568 -0.00936 0.04509 0.99838 0.03341
43770.16153 -74.77994 28.37129 -1.03197 -0.00894 0.04533 0.99838 0.03320
43770.26159 -76.12768 28.45632 -1.04073 -0.00838 0.04533 0.99839 0.03292
43770.37154 -77.48078 28.54165 -1.04830 -0.00824 0.04523 0.99841 0.03258
43770.47175 -78.83505 28.62685 -1.05364 -0.00870 0.04570 0.99840 0.03229
43770.58155 -80.19458 28.71922 -1.05564 -0.00949 0.04628 0.99837 0.03189
43770.68150 -81.53900 28.79591 -1.06493 -0.01054 0.04680 0.99836 0.03130
43770.78152 -82.88250 28.86933 -1.07360 -0.01033 0.04749 0.99834 0.03098
43770.89154 -84.22839 28.94862 -1.07988 -0.00883 0.04706 0.99839 0.03054
43770.99157 -85.56971 29.01837 -1.08255 -0.00776 0.04639 0.99843 0.03045
43771.10157 -86.90216 29.09921 -1.08106 -0.00872 0.04538 0.99847 0.03026
43771.20152 -88.23450 29.17156 -1.08719 -0.01045 0.04542 0.99846 0.03019
43771.30155 -89.56252 29.24711 -1.09851 -0.01175 0.04552 0.99844 0.03029
43771.41153 -90.87764 29.31520 -1.10998 -0.01179 0.04611 0.99840 0.03058
43771.51157 -92.18614 29.39300 -1.11515 -0.01123 0.04591 0.99841 0.03079
43771.61155 -93.47611 29.47468 -1.12682 -0.01056 0.04579 0.99841 0.03118
43771.72152 -94.77360 29.55511 -1.13063 -0.01028 0.04517 0.99843 0.03158
43771.82158 -96.07880 29.64344 -1.14560 -0.01061 0.04441 0.99845 0.03196
43771.93169 -97.37325 29.72359 -1.15904 -0.01106 0.04433 0.99843 0.03234
43772.03167 -98.67016 29.80045 -1.17179 -0.01084 0.04429 0.99843 0.03259
43772.13155 -99.95015 29.88575 -1.17793 -0.01049 0.04417 0.99843 0.03285
43772.24149 -101.23497 29.96110 -1.18820 -0.01100 0.04410 0.99842 0.03294
43772.34150 -102.46701 30.04773 -1.19921 -0.01127 0.04413 0.99841 0.03322
43772.44165 -103.73852 30.12848 -1.20995 -0.01120 0.04385 0.99841 0.03368
43772.55153 -104.98318 30.19866 -1.21909 -0.01133 0.04405 0.99839 0.03398
43772.65151 -106.24225 30.27395 -1.23390 -0.01131 0.04413 0.99838 0.03417
43772.76146 -107.49395 30.36226 -1.24549 -0.01136 0.04405 0.99838 0.03429
43772.86152 -108.76446 30.44041 -1.25570 -0.01145 0.04414 0.99837 0.03428
43772.96160 -110.01521 30.52658 -1.26774 -0.01129 0.04380 0.99838 0.03443
43773.07148 -111.27430 30.61654 -1.27669 -0.01088 0.04348 0.99840 0.03455
43773.17149 -112.53320 30.69952 -1.28310 -0.01052 0.04353 0.99839 0.03493
43773.28146 -113.78110 30.78736 -1.29504 -0.01116 0.04368 0.99837 0.03489
43773.38152 -115.02618 30.87893 -1.30642 -0.01226 0.04382 0.99836 0.03477
43773.48152 -116.28353 30.96388 -1.31500 -0.01209 0.04416 0.99835 0.03468
43773.59148 -117.50977 31.04758 -1.32988 -0.01201 0.04379 0.99837 0.03454
43773.69146 -118.71615 31.12243 -1.34629 -0.01212 0.04394 0.99837 0.03445
43773.79148 -119.91328 31.20262 -1.36107 -0.01247 0.04400 0.99836 0.03435
43773.90145 -121.10208 31.28614 -1.37275 -0.01299 0.04409 0.99836 0.03425
43774.00177 -122.29776 31.36974 -1.38585 -0.01337 0.04396 0.99836 0.03422
43774.11144 -123.48439 31.44769 -1.39808 -0.01339 0.04405 0.99836 0.03404
43774.21149 -124.66999 31.52115 -1.40903 -0.01352 0.04392 0.99837 0.03378
43774.31147 -125.87156 31.59746 -1.41955 -0.01361 0.04382 0.99838 0.03379
43774.42145 -127.04918 31.67351 -1.43094 -0.01350 0.04364 0.99837 0.03412
43774.52150 -128.22700 31.75744 -1.44534 -0.01373 0.04314 0.99838 0.03454
43774.62145 -129.39963 31.83827 -1.46153 -0.01430 0.04249 0.99837 0.03530
43774.73157 -130.56205 31.92832 -1.47769 -0.01475 0.04199 0.99837 0.03573
43774.83144 -131.72302 32.00386 -1.49415 -0.01442 0.04195 0.99835 0.03632
43774.94169 -132.89693 32.08806 -1.50352 -0.01403 0.04188 0.99834 0.03696
43775.04146 -134.04018 32.17034 -1.51764 -0.01427 0.04221 0.99832 0.03703
43775.14145 -135.15174 32.24865 -1.53142 -0.01531 0.04255 0.99828 0.03722
43775.25146 -136.27462 32.31943 -1.54244 -0.01630 0.04266 0.99827 0.03692
43775.35156 -137.35905 32.39534 -1.56711 -0.01653 0.04343 0.99823 0.03698
43775.46160 -138.41337 32.46820 -1.57386 -0.01656 0.04457 0.99818 0.03704
43775.56143 -139.44138 32.53689 -1.59823 -0.01696 0.04377 0.99821 0.03703
43775.66145 -140.46563 32.62240 -1.61179 -0.01810 0.04352 0.99820 0.03721
43775.77139 -141.46685 32.70232 -1.63057 -0.01816 0.04340 0.99818 0.03781
43775.87140 -142.43288 32.77467 -1.64908 -0.01785 0.04300 0.99817 0.03864
43775.97160 -143.36665 32.84565 -1.66285 -0.01810 0.04273 0.99815 0.03936
43776.08143 -144.25664 32.91579 -1.67798 -0.01844 0.04306 0.99810 0.04001
43776.18137 -145.14285 32.97959 -1.69086 -0.01862 0.04354 0.99806 0.04049
43776.29142 -145.98921 33.04389 -1.70208 -0.01853 0.04378 0.99806 0.04026
43776.39138 -146.83576 33.09681 -1.71651 -0.01836 0.04475 0.99806 0.03917
43776.49144 -147.66062 33.14435 -1.73095 -0.01808 0.04616 0.99811 0.03626
43776.60139 -148.45092 33.17622 -1.74302 -0.01766 0.04855 0.99819 0.03069
43776.70142 -149.20705 33.20497 -1.75045 -0.01750 0.05047 0.99832 0.02244
43776.81140 -149.93056 33.22265 -1.76067 -0.01756 0.05123 0.99846 0.01170
43776.91138 -150.64029 33.24011 -1.77171 -0.01866 0.05126 0.99851 -0.00075
43777.01149 -151.32299 33.24041 -1.78354 -0.02000 0.05067 0.99841 -0.01453
43777.12138 -151.93359 33.22444 -1.79200 -0.02007 0.05066 0.99806 -0.03007
43777.22140 -152.52638 33.17755 -1.79604 -0.01887 0.05137 0.99739 -0.04711
43777.32139 -153.09816 33.10693 -1.79917 -0.01701 0.05232 0.99620 -0.06758
43777.43161 -153.66737 33.03019 -1.80461 -0.01543 0.05268 0.99446 -0.08968
43777.53140 -154.16204 32.93306 -1.80534 -0.01457 0.05263 0.99201 -0.11377
43777.63138 -154.65016 32.79939 -1.80462 -0.01406 0.05326 0.98867 -0.13961
43777.74135 -155.14917 32.65405 -1.79569 -0.01328 0.05414 0.98433 -0.16732
43777.84138 -155.58641 32.48369 -1.78223 -0.01253 0.05387 0.97891 -0.19668
43777.95144 -155.99507 32.29340 -1.77406 -0.01187 0.05371 0.97239 -0.22680
43778.05137 -156.40043 32.09553 -1.76296 -0.01155 0.05326 0.96476 -0.25743
43778.15138 -156.79210 31.87112 -1.74871 -0.01108 0.05329 0.95581 -0.28890
43778.26137 -157.16589 31.62709 -1.73612 -0.01051 0.05294 0.94562 -0.32077
43778.36140 -157.53206 31.35457 -1.71861 -0.01052 0.05247 0.93376 -0.35387
43778.46149 -157.87690 31.05537 -1.70169 -0.01027 0.05129 0.92043 -0.38740
43778.57138 -158.17005 30.72350 -1.68240 -0.00952 0.04909 0.90596 -0.42040
43778.67133 -158.42123 30.37305 -1.66160 -0.00838 0.04747 0.89048 -0.45247
43778.78141 -158.63675 30.01381 -1.64057 -0.00718 0.04612 0.87408 -0.48353
43778.88136 -158.82037 29.65186 -1.62711 -0.00600 0.04606 0.85661 -0.51387
43778.98158 -158.99513 29.26287 -1.60103 -0.00507 0.04642 0.83795 -0.54375
43779.09134 -159.11235 28.86863 -1.57525 -0.00299 0.04674 0.81847 -0.57264
43779.19135 -159.19410 28.44433 -1.54253 -0.00127 0.04624 0.79797 -0.60092
43779.30135 -159.27887 28.01598 -1.51120 -0.00023 0.04408 0.77617 -0.62899
43779.40133 -159.34893 27.57092 -1.48934 -0.00127 0.04168 0.75337 -0.65627
43779.50158 -159.39803 27.13295 -1.45528 -0.00413 0.03901 0.72956 -0.68279
43779.61133 -159.42932 26.67408 -1.41942 -0.00665 0.03483 0.70491 -0.70840
43779.71140 -159.40823 26.23149 -1.37790 -0.00864 0.03005 0.67930 -0.73320
43779.82137 -159.35739 25.77975 -1.34696 -0.00958 0.02590 0.65281 -0.75702
43779.92135 -159.31820 25.32913 -1.32836 -0.01031 0.02398 0.62528 -0.77996
43780.02138 -159.23832 24.87050 -1.31122 -0.01069 0.02308 0.59675 -0.80203
43780.13141 -159.13617 24.40860 -1.29446 -0.01168 0.02158 0.56765 -0.82291
43780.23150 -159.00143 23.94254 -1.28269 -0.01305 0.01971 0.53759 -0.84287
43780.33145 -158.82115 23.47904 -1.25697 -0.01414 0.01738 0.50730 -0.86148
43780.44139 -158.57960 23.03036 -1.23444 -0.01414 0.01580 0.47684 -0.87873
43780.54137 -158.32739 22.59987 -1.21996 -0.01358 0.01537 0.44680 -0.89440
43780.65131 -158.04683 22.16564 -1.21632 -0.01341 0.01653 0.41639 -0.90894
43780.75129 -157.73899 21.74656 -1.20350 -0.01354 0.01806 0.38698 -0.92181
43780.86133 -157.40197 21.33969 -1.18648 -0.01316 0.01821 0.35781 -0.93352
43780.96140 -157.01594 20.95401 -1.16692 -0.01299 0.01707 0.32871 -0.94419
43781.06136 -156.58053 20.58541 -1.14643 -0.01268 0.01521 0.29832 -0.95426
43781.17133 -156.10160 20.24003 -1.12883 -0.01289 0.01428 0.26719 -0.96345
43781.27131 -155.58199 19.92514 -1.10548 -0.01261 0.01307 0.23699 -0.97134
43781.38130 -155.02200 19.63791 -1.08519 -0.01192 0.01223 0.20832 -0.97791
43781.48149 -154.44714 19.37022 -1.06704 -0.00975 0.01188 0.18236 -0.98311
43781.58130 -153.83358 19.12875 -1.05737 -0.00686 0.01208 0.15923 -0.98714
43781.69129 -153.20809 18.90522 -1.04680 -0.00453 0.01203 0.13925 -0.99017
43781.79130 -152.53973 18.71077 -1.02746 -0.00414 0.01141 0.12139 -0.99253
43781.90136 -151.82277 18.53095 -1.00262 -0.00407 0.01048 0.10473 -0.99444
43782.00167 -151.08495 18.37311 -0.98016 -0.00381 0.00964 0.08986 -0.99590
43782.11131 -150.30493 18.23732 -0.95801 -0.00244 0.00914 0.07660 -0.99702
43782.21125 -149.50287 18.11725 -0.93589 -0.00060 0.00922 0.06539 -0.99782
43782.31130 -148.70148 18.01995 -0.91536 0.00157 0.00974 0.05739 -0.99830
43782.42127 -147.85738 17.92484 -0.89580 0.00367 0.00991 0.05243 -0.99857
43782.52134 -146.97035 17.82561 -0.87672 0.00515 0.00980 0.05024 -0.99868
43782.63129 -146.09012 17.73633 -0.85953 0.00543 0.00941 0.04969 -0.99871
43782.73144 -145.16233 17.64392 -0.83472 0.00482 0.00875 0.04926 -0.99874
43782.84129 -144.23617 17.55378 -0.81330 0.00477 0.00837 0.04871 -0.99877
43782.94142 -143.29465 17.46435 -0.79129 0.00407 0.00826 0.04803 -0.99880
43783.05132 -142.37178 17.36984 -0.76834 0.00422 0.00840 0.04722 -0.99884
43783.15126 -141.41686 17.28301 -0.74757 0.00425 0.00793 0.04635 -0.99888
43783.25129 -140.42565 17.18810 -0.72844 0.00431 0.00703 0.04582 -0.99892
43783.36127 -139.40180 17.09701 -0.70389 0.00385 0.00668 0.04515 -0.99895
43783.46154 -138.35545 16.99937 -0.67925 0.00365 0.00693 0.04441 -0.99898
43783.57128 -137.28885 16.91211 -0.65460 0.00347 0.00742 0.04386 -0.99900
43783.67125 -136.21801 16.81162 -0.63138 0.00328 0.00737 0.04348 -0.99902
43783.77124 -135.12399 16.71227 -0.60757 0.00344 0.00749 0.04317 -0.99903
43783.88126 -134.02397 16.61579 -0.57988 0.00337 0.00775 0.04299 -0.99904
43783.98139 -132.91255 16.52861 -0.55405 0.00338 0.00788 0.04310 -0.99903
43784.09127 -131.77240 16.43098 -0.52464 0.00362 0.00722 0.04342 -0.99902
43784.19121 -130.61077 16.33216 -0.49630 0.00366 0.00686 0.04390 -0.99901
43784.29130 -129.43434 16.22234 -0.46987 0.00381 0.00752 0.04429 -0.99898
43784.40122 -128.21224 16.12021 -0.44029 0.00402 0.00881 0.04525 -0.99893
43784.50144 -126.98083 16.01434 -0.41157 0.00396 0.00968 0.04626 -0.99887
43784.61124 -125.75649 15.90508 -0.37821 0.00329 0.00997 0.04706 -0.99884
43784.71126 -124.49920 15.79274 -0.34897 0.00278 0.00974 0.04688 -0.99885
43784.81124 -123.23840 15.68165 -0.31332 0.00226 0.00985 0.04656 -0.99886
43784.92122 -121.94656 15.56513 -0.27951 0.00226 0.01087 0.04592 -0.99888
43785.02150 -120.63271 15.45971 -0.24021 0.00217 0.01119 0.04490 -0.99893
43785.13124 -119.32188 15.35342 -0.20363 0.00225 0.01066 0.04339 -0.99900
43785.23136 -118.00097 15.25022 -0.16967 0.00189 0.00984 0.04243 -0.99905
43785.33126 -116.65229 15.14422 -0.12708 0.00206 0.00983 0.04167 -0.99908
43785.44138 -115.29883 15.03848 -0.09769 0.00210 0.01029 0.04106 -0.99910
43785.54126 -113.94450 14.93579 -0.05861 0.00163 0.01055 0.04046 -0.99912
43785.65123 -112.53515 14.82639 -0.01778 0.00182 0.01069 0.03985 -0.99915
43785.75117 -111.13494 14.72555 0.01766 0.00227 0.01070 0.03929 -0.99917
43785.85132 -109.71600 14.61824 0.06427 0.00255 0.01014 0.03910 -0.99918
43785.96142 -108.27779 14.51072 0.10204 0.00310 0.00892 0.03898 -0.99920
43786.06122 -106.82722 14.40783 0.14060 0.00298 0.00821 0.03926 -0.99919
43786.16121 -105.36771 14.30005 0.17766 0.00265 0.00667 0.03973 -0.99918
43786.27119 -103.90834 14.18074 0.21484 0.00276 0.00359 0.03997 -0.99919
43786.37122 -102.42691 14.06807 0.23759 0.00256 0.00114 0.04010 -0.99919
43786.48140 -100.97270 13.95562 0.26419 0.00260 -0.00058 0.04022 -0.99919
43786.58125 -99.53537 13.85046 0.28393 0.00342 -0.00138 0.04038 -0.99918
43786.68118 -98.11329 13.73921 0.29752 0.00308 -0.00164 0.04050 -0.99917
43786.79120 -96.65093 13.62563 0.31962 0.00315 -0.00090 0.04036 -0.99918
43786.89119 -95.19626 13.51403 0.34183 0.00297 -0.00001 0.04102 -0.99915
43786.99139 -93.76679 13.39982 0.36540 0.00294 -0.00011 0.04173 -0.99912
43787.10114 -92.35456 13.27859 0.38320 0.00282 -0.00097 0.04238 -0.99910
43787.20120 -90.90799 13.16466 0.40323 0.00213 -0.00093 0.04296 -0.99907
43787.31117 -89.44599 13.04254 0.42441 0.00221 -0.00045 0.04326 -0.99906
43787.41121 -87.98409 12.91954 0.44699 0.00228 0.00002 0.04356 -0.99905
43787.51125 -86.54661 12.79140 0.47016 0.00218 -0.00069 0.04399 -0.99903
43787.62119 -85.10688 12.66902 0.49303 0.00194 -0.00157 0.04442 -0.99901
43787.72119 -83.66628 12.55975 0.50866 0.00150 -0.00229 0.04436 -0.99901
43787.83154 -82.24002 12.44460 0.52155 0.00115 -0.00154 0.04463 -0.99900
43787.93124 -80.83130 12.31831 0.54711 0.00134 0.00003 0.04459 -0.99900
43788.03135 -79.40921 12.20146 0.56672 0.00315 0.00074 0.04443 -0.99901
43788.14123 -77.99261 12.08122 0.59456 0.00362 -0.00013 0.04449 -0.99900
43788.24116 -76.56942 11.95096 0.61461 0.00403 -0.00052 0.04468 -0.99899
43788.34112 -75.16021 11.81879 0.63834 0.00324 0.00007 0.04445 -0.99901
43788.45137 -73.74693 11.70749 0.65590 0.00255 -0.00048 0.04417 -0.99902
43788.55122 -72.32080 11.58811 0.68239 0.00133 -0.00152 0.04398 -0.99903
43788.66111 -70.88802 11.46279 0.70012 0.00108 -0.00114 0.04343 -0.99906
43788.76116 -69.46685 11.33787 0.72350 0.00093 -0.00002 0.04288 -0.99908
43788.86122 -68.06525 11.21578 0.74915 0.00096 -0.00049 0.04251 -0.99910
43788.97133 -66.66533 11.09978 0.76666 0.00083 -0.00231 0.04207 -0.99911
43789.07115 -65.28255 10.98823 0.78258 0.00051 -0.00273 0.04155 -0.99913
43789.17114 -63.89002 10.87650 0.79670 0.00084 -0.00261 0.04113 -0.99915
43789.28116 -62.49597 10.77138 0.81079 0.00133 -0.00255 0.04110 -0.99915
43789.38114 -61.11660 10.66223 0.82731 0.00165 -0.00296 0.04135 -0.99914
43789.49121 -59.72511 10.55494 0.83839 0.00160 -0.00247 0.04173 -0.99912
43789.59116 -58.32015 10.44025 0.85643 0.00133 -0.00239 0.04190 -0.99912
43789.69115 -56.93401 10.32124 0.87138 0.00118 -0.00246 0.04247 -0.99909
43789.80114 -55.54297 10.20592 0.88683 0.00067 -0.00236 0.04300 -0.99907
43789.90111 -54.17093 10.10110 0.90344 0.00020 -0.00252 0.04355 -0.99905
43790.00144 -52.77740 9.98881 0.91793 -0.00022 -0.00320 0.04401 -0.99903
43790.11111 -51.39977 9.87121 0.93388 -0.00030 -0.00323 0.04441 -0.99901
43790.21115 -50.02403 9.75801 0.94660 0.00006 -0.00279 0.04509 -0.99898
43790.32115 -48.65583 9.63763 0.96476 0.00034 -0.00200 0.04590 -0.99894
43790.42119 -47.31621 9.52532 0.98300 0.00080 -0.00216 0.04657 -0.99891
43790.52117 -45.96001 9.38953 1.00340 0.00192 -0.00322 0.04734 -0.99887
43790.63116 -44.59549 9.25832 1.02120 0.00240 -0.00419 0.04788 -0.99884
43790.73123 -43.24401 9.13234 1.03398 0.00269 -0.00436 0.04861 -0.99880
43790.84113 -41.90077 9.00378 1.04474 0.00266 -0.00365 0.04915 -0.99878
43790.94134 -40.56324 8.86407 1.05855 0.00254 -0.00261 0.05015 -0.99874
43791.04117 -39.22208 8.73058 1.06973 0.00267 -0.00302 0.05107 -0.99869
43791.15112 -37.86944 8.59356 1.08499 0.00302 -0.00366 0.05182 -0.99865
43791.25112 -36.54593 8.45355 1.09983 0.00345 -0.00192 0.05265 -0.99860
43791.36107 -35.20885 8.32117 1.11437 0.00443 -0.00010 0.05343 -0.99856
43791.46120 -33.87554 8.18607 1.12511 0.00499 0.00104 0.05428 -0.99851
43791.56111 -32.53035 8.04477 1.14431 0.00483 0.00145 0.05489 -0.99848
43791.67112 -31.19044 7.89435 1.17199 0.00480 0.00143 0.05520 -0.99846
43791.77109 -29.87853 7.75232 1.19612 0.00441 0.00079 0.05517 -0.99847
43791.87109 -28.55392 7.61195 1.21942 0.00392 -0.00017 0.05535 -0.99846
43791.98140 -27.22682 7.46739 1.24380 0.00315 -0.00035 0.05532 -0.99846
43792.08105 -25.88636 7.31583 1.26499 0.00288 0.00019 0.05535 -0.99846
43792.19110 -24.56431 7.16021 1.29120 0.00272 0.00032 0.05491 -0.99849
43792.29109 -23.24659 7.02564 1.30849 0.00324 -0.00015 0.05431 -0.99852
43792.39109 -21.94828 6.88762 1.33280 0.00284 -0.00056 0.05356 -0.99856
43792.50127 -20.64575 6.75559 1.35357 0.00340 -0.00148 0.05296 -0.99859
43792.60107 -19.32485 6.61693 1.36906 0.00294 -0.00165 0.05262 -0.99861
43792.70113 -18.00620 6.48490 1.38952 0.00264 -0.00117 0.05217 -0.99863
43792.81109 -16.70763 6.35149 1.40572 0.00237 -0.00038 0.05234 -0.99863
43792.91108 -15.38997 6.22992 1.42640 0.00270 0.00001 0.05227 -0.99863
43793.02111 -14.05915 6.10652 1.44544 0.00287 -0.00030 0.05195 -0.99865
43793.12111 -12.76839 5.98848 1.46164 0.00311 -0.00062 0.05179 -0.99865
43793.22107 -11.46640 5.85914 1.48296 0.00361 -0.00052 0.05191 -0.99865
43793.33124 -10.16189 5.72368 1.49676 0.00390 -0.00088 0.05185 -0.99865
43793.43120 -8.87007 5.60358 1.51450 0.00393 -0.00088 0.05183 -0.99865
43793.54114 -7.54157 5.47576 1.52632 0.00397 -0.00092 0.05171 -0.99865
43793.64101 -6.23465 5.35023 1.54926 0.00374 -0.00095 0.05210 -0.99863
43793.74108 -4.92294 5.21501 1.56564 0.00372 -0.00092 0.05191 -0.99864
43793.85121 -3.60799 5.08765 1.58527 0.00403 -0.00137 0.05195 -0.99864
43793.95113 -2.30840 4.95222 1.59574 0.00432 -0.00173 0.05209 -0.99863
43794.05108 -0.99210 4.81663 1.61610 0.00422 -0.00166 0.05256 -0.99861
43794.16104 0.31739 4.68067 1.62951 0.00429 -0.00138 0.05288 -0.99859
43794.26109 1.63517 4.54757 1.64981 0.00443 -0.00145 0.05297 -0.99859
43794.37104 2.94269 4.41838 1.66358 0.00474 -0.00144 0.05315 -0.99857
43794.47124 4.25742 4.28109 1.68245 0.00407 -0.00155 0.05330 -0.99857
43794.57104 5.54458 4.14073 1.69451 0.00412 -0.00182 0.05346 -0.99856
43794.68103 6.81933 4.01135 1.70996 0.00392 -0.00180 0.05347 -0.99856
43794.78102 8.11627 3.87373 1.72629 0.00388 -0.00163 0.05324 -0.99857
43794.88100 9.41834 3.74243 1.74437 0.00393 -0.00187 0.05305 -0.99858
43794.99105 10.72389 3.61682 1.75836 0.00401 -0.00190 0.05288 -0.99859
43795.09102 12.03985 3.49479 1.77731 0.00420 -0.00175 0.05240 -0.99862
43795.20101 13.35058 3.35883 1.79161 0.00429 -0.00239 0.05196 -0.99864
43795.30100 14.61920 3.22709 1.80847 0.00361 -0.00303 0.05225 -0.99862
43795.40104 15.89458 3.09341 1.82238 0.00355 -0.00311 0.05252 -0.99861
43795.51107 17.19125 2.95635 1.84098 0.00331 -0.00291 0.05287 -0.99859
43795.61098 18.48595 2.81668 1.85727 0.00363 -0.00284 0.05274 -0.99860
43795.72101 19.75613 2.68509 1.87356 0.00357 -0.00281 0.05303 -0.99858
43795.82112 21.02413 2.55932 1.89024 0.00335 -0.00291 0.05308 -0.99858
43795.92098 22.27671 2.43488 1.90792 0.00297 -0.00308 0.05330 -0.99857
43796.03111 23.56253 2.31860 1.92223 0.00243 -0.00307 0.05356 -0.99856
43796.13107 24.81712 2.19746 1.94174 0.00220 -0.00358 0.05359 -0.99855
43796.23116 26.08877 2.07820 1.95284 0.00187 -0.00415 0.05364 -0.99855
43796.34098 27.35468 1.94719 1.96161 0.00184 -0.00409 0.05290 -0.99859
43796.44119 28.60213 1.81516 1.97019 0.00213 -0.00421 0.05258 -0.99861
43796.55103 29.87514 1.69527 1.97819 0.00347 -0.00479 0.05201 -0.99863
43796.65099 31.14419 1.57252 1.98469 0.00359 -0.00628 0.05122 -0.99866
43796.75094 32.40820 1.45638 1.98554 0.00401 -0.00803 0.05038 -0.99869
43796.86101 33.66581 1.34387 1.97918 0.00390 -0.00956 0.04966 -0.99871
43796.96121 34.90331 1.23123 1.97479 0.00368 -0.00996 0.04899 -0.99874
43797.06102 36.14343 1.11422 1.96618 0.00320 -0.00914 0.04884 -0.99876
43797.17099 37.38770 1.00445 1.96479 0.00396 -0.00854 0.04824 -0.99879
43797.27096 38.63000 0.89370 1.95876 0.00443 -0.00848 0.04764 -0.99882
43797.38103 39.85805 0.78712 1.96268 0.00455 -0.00819 0.04676 -0.99886
43797.48117 41.09559 0.67433 1.96497 0.00481 -0.00795 0.04611 -0.99889
43797.58095 42.30217 0.55938 1.97002 0.00477 -0.00832 0.04566 -0.99891
43797.69095 43.52981 0.45740 1.97285 0.00463 -0.00882 0.04534 -0.99892
43797.79102 44.76178 0.35214 1.97445 0.00462 -0.00889 0.04501 -0.99894
43797.89095 45.96689 0.25054 1.97503 0.00483 -0.00889 0.04455 -0.99896
43798.00135 47.19279 0.14841 1.97516 0.00430 -0.00887 0.04406 -0.99898
43798.10103 48.40198 0.05114 1.97435 0.00374 -0.00832 0.04389 -0.99899
43798.21098 49.61677 -0.04981 1.97244 0.00357 -0.00854 0.04357 -0.99901
43798.31096 50.80856 -0.14757 1.97052 0.00352 -0.00930 0.04316 -0.99902
43798.41098 51.97491 -0.24645 1.97386 0.00356 -0.00897 0.04258 -0.99905
43798.52105 53.15671 -0.34274 1.97245 0.00436 -0.00840 0.04223 -0.99906
43798.62095 54.34208 -0.44340 1.97081 0.00582 -0.00878 0.04190 -0.99907
43798.72096 55.50442 -0.53700 1.96633 0.00662 -0.00904 0.04163 -0.99907
43798.83107 56.65839 -0.63595 1.95848 0.00743 -0.00924 0.04190 -0.99905
43798.93110 57.81624 -0.73578 1.96138 0.00779 -0.00989 0.04283 -0.99900
43799.04100 59.00541 -0.83616 1.95478 0.00819 -0.01064 0.04342 -0.99897
43799.14094 60.14034 -0.93153 1.94904 0.00717 -0.00998 0.04401 -0.99896
43799.24096 61.26827 -1.03668 1.95931 0.00597 -0.00841 0.04543 -0.99891
43799.35110 62.40189 -1.14022 1.96808 0.00660 -0.00897 0.04655 -0.99885
43799.45109 63.49695 -1.23801 1.96769 0.00646 -0.01074 0.04757 -0.99879
43799.55097 64.52884 -1.33227 1.96987 0.00641 -0.01149 0.04923 -0.99870
43799.66097 65.54418 -1.42820 1.96187 0.00678 -0.00990 0.05088 -0.99863
43799.76090 66.56323 -1.53044 1.95942 0.00664 -0.00735 0.05229 -0.99858
43799.87096 67.59275 -1.62757 1.96547 0.00634 -0.00479 0.05403 -0.99851
43799.97098 68.65208 -1.72668 1.98035 0.00624 -0.00412 0.05529 -0.99844
43800.07093 69.73338 -1.83008 1.99227 0.00600 -0.00514 0.05620 -0.99839
43800.18094 70.78527 -1.93249 1.99683 0.00608 -0.00602 0.05710 -0.99833
43800.28093 71.82056 -2.03787 2.00010 0.00648 -0.00572 0.05789 -0.99829
43800.39091 72.85740 -2.14086 2.00180 0.00639 -0.00457 0.05887 -0.99823
43800.49093 73.88293 -2.24359 2.01094 0.00695 -0.00472 0.05940 -0.99820
43800.59093 74.90847 -2.37040 2.01945 0.00705 -0.00554 0.05994 -0.99816
43800.70090 75.91918 -2.48982 2.02278 0.00657 -0.00618 0.06031 -0.99814
43800.80093 76.91480 -2.60254 2.02888 0.00626 -0.00658 0.06035 -0.99814
43800.90087 77.91220 -2.73060 2.02937 0.00522 -0.00704 0.05999 -0.99816
43801.01108 78.90781 -2.84980 2.03399 0.00411 -0.00703 0.05905 -0.99822
43801.11090 79.91080 -2.96822 2.03697 0.00341 -0.00603 0.05768 -0.99831
43801.22095 80.90622 -3.08443 2.03822 0.00304 -0.00440 0.05639 -0.99839
43801.35106 81.92418 -3.18909 2.04036 0.00358 -0.00303 0.05469 -0.99849
43801.42094 82.94962 -3.29927 2.04980 0.00394 -0.00277 0.05274 -0.99860
43801.53100 83.96955 -3.40522 2.05352 0.00440 -0.00332 0.05054 -0.99871
43801.63095 84.98526 -3.49264 2.06019 0.00450 -0.00428 0.04792 -0.99883
43801.74100 85.98624 -3.58325 2.06674 0.00444 -0.00496 0.04454 -0.99899
43801.84091 86.99324 -3.66638 2.07238 0.00470 -0.00541 0.04123 -0.99912
43801.94108 88.01904 -3.74970 2.07810 0.00566 -0.00615 0.03831 -0.99923
43802.05091 89.05382 -3.83224 2.08046 0.00699 -0.00715 0.03630 -0.99929
43802.15090 90.09321 -3.90825 2.08070 0.00900 -0.00721 0.03572 -0.99930
43802.26090 91.15587 -3.97702 2.07597 0.01114 -0.00698 0.03640 -0.99925
43802.36086 92.24383 -4.04937 2.07013 0.01287 -0.00686 0.03840 -0.99916
43802.46102 93.31906 -4.11949 2.06582 0.01380 -0.00718 0.04123 -0.99903
43802.57089 94.38883 -4.20646 2.06251 0.01464 -0.00796 0.04465 -0.99886
43802.67088 95.46110 -4.29432 2.05339 0.01516 -0.00822 0.04878 -0.99866
43802.78094 96.56117 -4.39981 2.04942 0.01574 -0.00791 0.05352 -0.99841
43802.88085 97.66813 -4.51293 2.04121 0.01630 -0.00736 0.05846 -0.99813
43802.98106 98.78161 -4.63416 2.03758 0.01615 -0.00711 0.06324 -0.99784
43803.09087 99.91316 -4.76432 2.03332 0.01593 -0.00678 0.06793 -0.99754
43803.19089 101.03310 -4.90382 2.03407 0.01546 -0.00655 0.07264 -0.99722
43803.30087 102.17622 -5.05876 2.03299 0.01520 -0.00667 0.07662 -0.99692
43803.40084 103.31573 -5.23148 2.03344 0.01496 -0.00689 0.08011 -0.99665
43803.50108 104.44464 -5.41268 2.03215 0.01513 -0.00691 0.08317 -0.99640
43803.61086 105.59107 -5.60852 2.02901 0.01576 -0.00733 0.08565 -0.99617
43803.71087 106.74436 -5.81437 2.02593 0.01699 -0.00773 0.08803 -0.99594
43803.82087 107.92229 -6.01203 2.01759 0.01826 -0.00787 0.08996 -0.99575
43803.92084 109.11132 -6.22672 2.01073 0.01810 -0.00850 0.09130 -0.99562
43804.02083 110.30282 -6.45014 2.00286 0.01794 -0.00827 0.09220 -0.99554
43804.13101 111.52956 -6.67741 1.99321 0.01720 -0.00652 0.09228 -0.99556
43804.23104 112.74862 -6.90716 1.98661 0.01561 -0.00613 0.09150 -0.99566
43804.33101 113.97460 -7.14630 1.98465 0.01392 -0.00718 0.09062 -0.99576
43804.44097 115.20638 -7.38727 1.98225 0.01170 -0.00808 0.08893 -0.99594
43804.54090 116.45284 -7.62958 1.97396 0.00984 -0.00883 0.08644 -0.99617
43804.65082 117.68173 -7.86044 1.96794 0.00752 -0.00903 0.08316 -0.99647
43804.75080 118.91309 -8.07145 1.95892 0.00607 -0.00874 0.07999 -0.99674
43804.85100 120.16218 -8.28721 1.94801 0.00502 -0.00870 0.07674 -0.99700
43804.96101 121.42666 -8.48653 1.94095 0.00491 -0.00924 0.07377 -0.99722
43805.06094 122.71303 -8.69333 1.93246 0.00501 -0.00992 0.07080 -0.99743
43805.16081 124.01240 -8.88099 1.92052 0.00559 -0.01084 0.06823 -0.99759
43805.27084 125.29322 -9.06289 1.90465 0.00568 -0.01065 0.06570 -0.99777
43805.37083 126.62431 -9.22522 1.89159 0.00630 -0.00971 0.06293 -0.99795
43805.48101 127.94447 -9.39159 1.87422 0.00680 -0.00878 0.06047 -0.99811
43805.58083 129.26592 -9.53603 1.86641 0.00688 -0.00712 0.05848 -0.99824
43805.68083 130.62306 -9.68623 1.85759 0.00797 -0.00589 0.05715 -0.99832
43805.79083 131.98710 -9.83748 1.85097 0.00824 -0.00555 0.05639 -0.99836
43805.89081 133.33455 -9.98649 1.84834 0.00874 -0.00580 0.05562 -0.99840
43806.00104 134.64654 -10.12302 1.84635 0.00877 -0.00646 0.05518 -0.99842
43806.10085 136.00431 -10.26833 1.84619 0.00911 -0.00732 0.05464 -0.99844
43806.20081 137.34750 -10.40473 1.84192 0.00896 -0.00789 0.05409 -0.99846
43806.31079 138.70315 -10.55600 1.84313 0.00923 -0.00862 0.05359 -0.99848
43806.41079 140.07750 -10.70310 1.83896 0.00878 -0.00936 0.05284 -0.99852
43806.51083 141.46184 -10.83269 1.83878 0.00870 -0.00968 0.05206 -0.99856
43806.62086 142.84961 -10.97260 1.83385 0.00879 -0.00967 0.05109 -0.99861
43806.72077 144.22784 -11.10584 1.83087 0.00919 -0.00954 0.05030 -0.99865
43806.83084 145.59053 -11.24853 1.82757 0.00970 -0.00943 0.04976 -0.99867
43806.93095 146.97200 -11.38567 1.82801 0.01019 -0.00888 0.04951 -0.99868
43807.03098 148.32592 -11.51486 1.82416 0.01067 -0.00867 0.04904 -0.99870
43807.14081 149.70863 -11.64237 1.82300 0.01081 -0.00960 0.04888 -0.99870
43807.24080 151.08665 -11.77838 1.81944 0.01064 -0.01014 0.04890 -0.99870
43807.34082 152.45545 -11.91154 1.81610 0.01085 -0.01048 0.04898 -0.99869
43807.45093 153.81025 -12.02987 1.80954 0.01113 -0.01046 0.04917 -0.99867
43807.55082 155.18468 -12.15474 1.80883 0.01119 -0.01008 0.04936 -0.99867
43807.66074 156.54370 -12.28618 1.80345 0.01150 -0.01007 0.04961 -0.99865
43807.76075 157.91192 -12.41610 1.80218 0.01119 -0.00967 0.05007 -0.99864
43807.86075 159.27082 -12.54931 1.79461 0.01052 -0.00902 0.05093 -0.99861
43807.97098 160.62449 -12.68990 1.79757 0.00962 -0.00882 0.05171 -0.99858
43808.07078 161.97728 -12.82666 1.80756 0.00924 -0.01078 0.05238 -0.99853
43808.17078 163.28358 -12.95552 1.79309 0.00878 -0.01266 0.05323 -0.99846
43808.28075 164.60272 -13.09177 1.78310 0.00888 -0.01223 0.05426 -0.99841
43808.38073 165.90859 -13.21750 1.76556 0.00970 -0.01100 0.05527 -0.99836
43808.49079 167.20747 -13.35287 1.75978 0.00990 -0.01074 0.05616 -0.99831
43808.59077 168.47195 -13.49197 1.75313 0.01011 -0.01117 0.05725 -0.99825
43808.69078 169.76733 -13.64697 1.75074 0.00980 -0.01197 0.05797 -0.99820
43808.80076 171.08002 -13.79524 1.74807 0.00912 -0.01281 0.05825 -0.99818
43808.90081 172.38987 -13.93865 1.73753 0.00852 -0.01275 0.05827 -0.99818
43809.00107 173.69595 -14.10081 1.73277 0.00791 -0.01231 0.05846 -0.99818
43809.11078 175.00462 -14.25859 1.72920 0.00756 -0.01193 0.05855 -0.99818
43809.21073 176.29990 -14.41230 1.72286 0.00737 -0.01183 0.05869 -0.99818
43809.32073 177.58881 -14.56984 1.71374 0.00786 -0.01220 0.05891 -0.99816
43809.42073 178.88204 -14.71850 1.70971 0.00786 -0.01295 0.05894 -0.99815
43809.52077 180.14416 -14.85973 1.69824 0.00800 -0.01319 0.05880 -0.99815
43809.63078 181.41538 -15.00440 1.68894 0.00825 -0.01341 0.05874 -0.99815
43809.73079 182.68005 -15.15682 1.68408 0.00851 -0.01332 0.05879 -0.99814
43809.83087 183.97042 -15.32318 1.67175 0.00888 -0.01338 0.05884 -0.99814
43809.94091 185.24616 -15.48278 1.65625 0.00883 -0.01312 0.05898 -0.99813
43810.04078 186.51615 -15.63458 1.64421 0.00880 -0.01298 0.05894 -0.99814
43810.15072 187.79679 -15.78178 1.63303 0.00871 -0.01330 0.05902 -0.99813
43810.25074 189.04833 -15.92639 1.62217 0.00892 -0.01369 0.05904 -0.99812
43810.35086 190.29873 -16.07476 1.61146 0.00895 -0.01372 0.05884 -0.99813
43810.46084 191.55634 -16.21475 1.60385 0.00876 -0.01398 0.05860 -0.99815
43810.56072 192.80916 -16.36454 1.59818 0.00822 -0.01477 0.05816 -0.99816
43810.67070 194.04142 -16.50560 1.58661 0.00808 -0.01576 0.05746 -0.99819
43810.77071 195.27475 -16.64523 1.58234 0.00772 -0.01697 0.05713 -0.99819
43810.87071 196.45820 -16.77189 1.56678 0.00791 -0.01790 0.05682 -0.99819
43810.98087 197.61813 -16.90229 1.54754 0.00825 -0.01782 0.05650 -0.99821
43811.08074 198.74531 -17.02632 1.53471 0.00833 -0.01777 0.05628 -0.99822
43811.18077 199.86069 -17.15665 1.51792 0.00827 -0.01781 0.05530 -0.99828
43811.29072 200.96171 -17.27693 1.50612 0.00826 -0.01760 0.05367 -0.99837
43811.39069 202.02912 -17.38977 1.49578 0.00784 -0.01738 0.05193 -0.99847
43811.50095 203.06021 -17.49197 1.48493 0.00817 -0.01741 0.05027 -0.99855
43811.60070 204.04091 -17.58731 1.47393 0.00856 -0.01732 0.04906 -0.99861
43811.70069 204.99835 -17.68303 1.46003 0.00957 -0.01740 0.04807 -0.99865
43811.81066 205.92608 -17.75986 1.44693 0.00969 -0.01798 0.04755 -0.99866
43811.91066 206.82159 -17.83850 1.43588 0.00959 -0.01863 0.04709 -0.99867
43812.01077 207.68156 -17.90565 1.42669 0.00930 -0.01904 0.04664 -0.99869
43812.12068 208.50925 -17.97225 1.41401 0.00940 -0.01899 0.04586 -0.99872
43812.22070 209.30996 -18.04590 1.40229 0.00899 -0.01891 0.04493 -0.99877
43812.33069 210.07172 -18.10576 1.38781 0.00936 -0.01844 0.04413 -0.99881
43812.43085 210.81423 -18.15722 1.37405 0.00989 -0.01735 0.04390 -0.99884
43812.53096 211.54825 -18.22003 1.36160 0.01052 -0.01576 0.04464 -0.99882
43812.64067 212.27148 -18.28398 1.35289 0.01147 -0.01457 0.04634 -0.99875
43812.74073 213.00060 -18.35669 1.34698 0.01183 -0.01411 0.04849 -0.99865
43812.85085 213.73081 -18.43663 1.34434 0.01142 -0.01442 0.05080 -0.99854
43812.95080 214.44551 -18.50720 1.33597 0.01073 -0.01487 0.05266 -0.99844
43813.05070 215.15083 -18.56945 1.33112 0.00981 -0.01546 0.05508 -0.99831
43813.16065 215.84561 -18.64168 1.32356 0.00981 -0.01552 0.05710 -0.99820
43813.26065 216.53264 -18.72303 1.31744 0.00969 -0.01548 0.05957 -0.99806
43813.37067 217.24181 -18.81134 1.30778 0.00985 -0.01543 0.06166 -0.99793
43813.47070 217.94200 -18.89900 1.29969 0.00999 -0.01550 0.06348 -0.99781
43813.57067 218.64323 -18.99255 1.29596 0.01010 -0.01604 0.06518 -0.99769
43813.68065 219.35764 -19.08651 1.28845 0.01012 -0.01655 0.06654 -0.99759
43813.78064 220.06876 -19.16975 1.27470 0.00977 -0.01659 0.06749 -0.99753
43813.89064 220.76277 -19.25788 1.26524 0.00949 -0.01630 0.06815 -0.99750
43813.99080 221.47365 -19.34376 1.25165 0.00953 -0.01510 0.06865 -0.99748
43814.09065 222.20479 -19.43836 1.23875 0.01003 -0.01366 0.06863 -0.99750
43814.20065 222.92845 -19.52521 1.23066 0.01038 -0.01267 0.06872 -0.99750
43814.30067 223.63988 -19.61043 1.21969 0.01011 -0.01247 0.06861 -0.99751
43814.41060 224.33084 -19.68466 1.21545 0.00952 -0.01264 0.06865 -0.99751
43814.51069 225.01700 -19.77154 1.20845 0.00984 -0.01272 0.06869 -0.99751
43814.61064 225.71133 -19.85118 1.20034 0.00989 -0.01227 0.06852 -0.99753
43814.72064 226.43649 -19.94137 1.19110 0.00945 -0.01124 0.06858 -0.99754
43814.82061 227.14777 -20.03026 1.19051 0.00816 -0.01055 0.06901 -0.99753
43814.93091 227.87688 -20.12500 1.19362 0.00773 -0.01138 0.06967 -0.99748
43815.03066 228.62970 -20.21543 1.18286 0.00906 -0.01418 0.07025 -0.99739
43815.13069 229.38494 -20.31769 1.17451 0.00925 -0.01614 0.07114 -0.99729
43815.24062 230.15986 -20.41659 1.16250 0.00779 -0.01589 0.07213 -0.99724
43815.34061 230.92735 -20.52305 1.14987 0.00819 -0.01326 0.07366 -0.99716
43815.45085 231.71035 -20.62257 1.13258 0.00906 -0.01131 0.07510 -0.99707
43815.55068 232.48417 -20.73425 1.12324 0.01020 -0.01069 0.07660 -0.99695
43815.65059 233.25620 -20.84412 1.11322 0.01035 -0.01108 0.07798 -0.99684
43815.76059 234.04727 -20.95947 1.11057 0.00943 -0.01194 0.07908 -0.99675
43815.86066 234.84425 -21.07971 1.11010 0.00784 -0.01256 0.08006 -0.99668
43815.97073 235.63404 -21.20339 1.10579 0.00706 -0.01238 0.08113 -0.99660
43816.07062 236.43841 -21.33670 1.09972 0.00778 -0.01130 0.08192 -0.99654
43816.17061 237.23901 -21.46663 1.09469 0.00861 -0.00982 0.08265 -0.99649
43816.28063 238.02573 -21.59593 1.08946 0.00918 -0.00917 0.08344 -0.99643
43816.38060 238.82513 -21.72691 1.08689 0.00962 -0.00959 0.08454 -0.99633
43816.49066 239.64200 -21.86538 1.07932 0.00996 -0.01048 0.08586 -0.99620
43816.59061 240.46046 -22.00870 1.07402 0.01004 -0.01065 0.08646 -0.99615
43816.69057 241.27837 -22.14930 1.06111 0.00982 -0.01049 0.08685 -0.99612
43816.80057 242.10986 -22.28867 1.05333 0.00908 -0.01041 0.08696 -0.99612
43816.90059 242.94685 -22.43614 1.04517 0.00859 -0.01060 0.08705 -0.99611
43817.01068 243.79813 -22.58489 1.03999 0.00818 -0.01087 0.08732 -0.99609
43817.11060 244.64521 -22.73429 1.03423 0.00790 -0.01112 0.08757 -0.99606
43817.21060 245.51522 -22.88621 1.02980 0.00767 -0.01153 0.08761 -0.99606
43817.32061 246.38690 -23.03990 1.02337 0.00787 -0.01225 0.08764 -0.99605
43817.42064 247.25344 -23.19359 1.01663 0.00772 -0.01273 0.08730 -0.99607
43817.53072 248.11397 -23.33538 1.01145 0.00748 -0.01284 0.08671 -0.99612
43817.63059 248.98068 -23.48172 1.00364 0.00763 -0.01254 0.08582 -0.99620
43817.73074 249.84334 -23.62316 0.99862 0.00829 -0.01261 0.08463 -0.99630
43817.84058 250.69400 -23.76250 0.98976 0.00905 -0.01256 0.08315 -0.99642
43817.94072 251.56384 -23.90564 0.98192 0.00967 -0.01298 0.08166 -0.99653
43818.05062 252.45540 -24.04332 0.97665 0.01053 -0.01368 0.08017 -0.99663
43818.15054 253.33623 -24.17846 0.97147 0.01059 -0.01465 0.07884 -0.99672
43818.25057 254.21297 -24.31575 0.96699 0.01067 -0.01556 0.07788 -0.99678
43818.36053 255.07233 -24.44707 0.96151 0.01091 -0.01612 0.07681 -0.99686
43818.46070 255.92310 -24.57124 0.94934 0.01136 -0.01630 0.07589 -0.99692
43818.57054 256.76512 -24.70089 0.93964 0.01100 -0.01651 0.07525 -0.99697
43818.67057 257.60290 -24.82402 0.93107 0.01072 -0.01648 0.07468 -0.99701
43818.77055 258.44079 -24.94874 0.92015 0.01059 -0.01642 0.07405 -0.99706
43818.88053 259.26867 -25.07101 0.90449 0.01097 -0.01685 0.07339 -0.99710
43818.98072 260.06739 -25.18744 0.89294 0.01096 -0.01715 0.07323 -0.99711
43819.09054 260.86928 -25.30027 0.88336 0.01150 -0.01719 0.07269 -0.99714
43819.19056 261.65893 -25.40432 0.87591 0.01238 -0.01689 0.07230 -0.99716
43819.29053 262.45126 -25.50972 0.86370 0.01351 -0.01575 0.07206 -0.99718
43819.40056 263.23864 -25.61924 0.85329 0.01441 -0.01484 0.07205 -0.99719
43819.50065 264.02390 -25.72283 0.84339 0.01497 -0.01444 0.07197 -0.99719
43819.61049 264.79611 -25.82958 0.83151 0.01590 -0.01418 0.07217 -0.99716
43819.71053 265.57523 -25.93638 0.81991 0.01637 -0.01393 0.07275 -0.99712
43819.81055 266.35368 -26.05031 0.80712 0.01689 -0.01367 0.07337 -0.99707
43819.92056 267.11046 -26.16463 0.79345 0.01725 -0.01353 0.07415 -0.99701
43820.02057 267.87213 -26.27305 0.78060 0.01754 -0.01410 0.07478 -0.99695
43820.13050 268.62607 -26.37962 0.76772 0.01711 -0.01462 0.07531 -0.99691
43820.23055 269.37340 -26.49051 0.75602 0.01663 -0.01526 0.07534 -0.99690
43820.33060 270.11853 -26.59174 0.74574 0.01585 -0.01613 0.07492 -0.99693
43820.44063 270.87238 -26.69641 0.73235 0.01542 -0.01671 0.07431 -0.99698
43820.54064 271.62683 -26.79891 0.71754 0.01520 -0.01683 0.07364 -0.99703
43820.65053 272.37829 -26.90710 0.69601 0.01458 -0.01679 0.07298 -0.99709
43820.75048 273.15018 -27.01241 0.68070 0.01378 -0.01675 0.07203 -0.99717
43820.85070 273.88640 -27.10955 0.66537 0.01374 -0.01708 0.07088 -0.99724
43820.96069 274.63969 -27.21820 0.64605 0.01387 -0.01734 0.06953 -0.99733
43821.06046 275.39825 -27.31667 0.63305 0.01420 -0.01781 0.06842 -0.99740
43821.17048 276.14818 -27.41778 0.61610 0.01488 -0.01771 0.06789 -0.99742
43821.27047 276.97544 -27.52165 0.60585 0.01475 -0.01705 0.06783 -0.99744
