45625.19400 0.00000 0.00000 0.00000 0.00000 0.00000 0.00000 1.00000
45625.30385 0.04046 -0.00308 0.00118 0.00000 -0.00003 0.00153 1.00000
45625.40406 0.07877 -0.00304 0.00295 -0.00021 0.00004 0.00359 0.99999
45625.51387 0.12972 -0.00256 0.00246 -0.00043 0.00001 0.00620 0.99998
45625.61384 0.18713 -0.00143 0.00268 -0.00079 0.00004 0.00901 0.99996
45625.71385 0.24760 -0.00140 0.00306 -0.00087 0.00020 0.01222 0.99992
45625.82378 0.29752 -0.00318 0.00492 -0.00120 0.00028 0.01585 0.99987
45625.92397 0.34600 -0.00192 0.00860 -0.00151 0.00028 0.01998 0.99980
45626.03381 0.39452 -0.00093 0.00858 -0.00152 -0.00027 0.02466 0.99969
45626.13383 0.45639 0.00470 0.00957 -0.00158 -0.00072 0.03063 0.99953
45626.23381 0.51378 0.00491 0.01052 -0.00144 -0.00088 0.03769 0.99929
45626.34382 0.57546 0.00459 0.00949 -0.00135 -0.00077 0.04577 0.99895
45626.44390 0.65090 -0.00099 0.00963 -0.00080 -0.00053 0.05491 0.99849
45626.55381 0.73161 -0.00200 0.01498 -0.00039 -0.00031 0.06495 0.99789
45626.65379 0.81730 0.00321 0.01808 -0.00057 -0.00039 0.07599 0.99711
45626.75380 0.93725 0.02138 0.02687 -0.00233 -0.00087 0.08794 0.99612
45626.86386 1.07863 0.04734 0.03227 -0.00427 -0.00170 0.10090 0.99489
45626.96416 1.23557 0.07502 0.03376 -0.00592 -0.00218 0.11442 0.99341
45627.06379 1.36800 0.10575 0.03507 -0.00650 -0.00228 0.12916 0.99160
45627.17375 1.51239 0.14923 0.03739 -0.00737 -0.00220 0.14491 0.98941
45627.27381 1.66288 0.20759 0.03714 -0.00838 -0.00200 0.16129 0.98687
45627.38379 1.82386 0.26867 0.03917 -0.00928 -0.00173 0.17876 0.98385
45627.48386 1.98251 0.33406 0.04144 -0.01073 -0.00190 0.19642 0.98046
45627.58386 2.15045 0.42004 0.04017 -0.01200 -0.00198 0.21407 0.97674
45627.69385 2.30005 0.49648 0.03379 -0.01233 -0.00201 0.23298 0.97240
45627.79377 2.46455 0.59052 0.02298 -0.01010 -0.00215 0.25307 0.96739
45627.89388 2.63440 0.69590 0.02120 -0.00847 -0.00212 0.27406 0.96167
45628.00384 2.81717 0.82117 0.03209 -0.00926 -0.00126 0.29674 0.95491
45628.10379 2.99126 0.96771 0.04087 -0.01175 -0.00014 0.32079 0.94708
45628.20376 3.17330 1.13028 0.04536 -0.01311 0.00022 0.34578 0.93822
45628.31392 3.34100 1.28932 0.03517 -0.01270 0.00031 0.37138 0.92839
45628.41396 3.52086 1.46671 0.03200 -0.01029 0.00145 0.39776 0.91743
45628.52376 3.70085 1.66228 0.03295 -0.00827 0.00248 0.42417 0.90554
45628.62379 3.86282 1.87353 0.03588 -0.00761 0.00373 0.45005 0.89296
45628.72376 4.04210 2.10633 0.03619 -0.00709 0.00558 0.47635 0.87921
45628.83371 4.20167 2.36179 0.03490 -0.00717 0.00680 0.50302 0.86422
45628.93405 4.34171 2.63100 0.03034 -0.00734 0.00785 0.52880 0.84868
45629.03377 4.48917 2.92538 0.02948 -0.00756 0.00940 0.55464 0.83200
45629.14383 4.62034 3.24262 0.02404 -0.00792 0.01063 0.57940 0.81493
45629.24372 4.73788 3.57524 0.01821 -0.00813 0.01244 0.60329 0.79739
45629.35374 4.82860 3.91006 0.01616 -0.00713 0.01465 0.62535 0.78017
45629.45379 4.89916 4.26435 0.01694 -0.00651 0.01606 0.64564 0.76344
45629.55376 4.93910 4.63955 0.01266 -0.00760 0.01588 0.66397 0.74755
45629.66375 4.96474 5.02697 -0.00850 -0.00831 0.01528 0.67987 0.73312
45629.76378 4.98648 5.44196 -0.02707 -0.00842 0.01424 0.69383 0.71995
45629.87373 4.99481 5.85989 -0.04228 -0.00756 0.01353 0.70598 0.70806
45629.97379 4.98287 6.30541 -0.05113 -0.00674 0.01285 0.71693 0.69700
45630.07377 4.95859 6.76920 -0.06402 -0.00646 0.01208 0.72621 0.68734
45630.18374 4.92785 7.24501 -0.07869 -0.00592 0.01139 0.73375 0.67930
45630.28376 4.88696 7.73720 -0.09608 -0.00598 0.01115 0.73928 0.67328
45630.39395 4.83254 8.25167 -0.10490 -0.00618 0.01138 0.74359 0.66851
45630.49376 4.76230 8.78636 -0.11169 -0.00721 0.01121 0.74687 0.66484
45630.60375 4.70067 9.32996 -0.11692 -0.00838 0.01096 0.74934 0.66205
45630.70380 4.63688 9.88907 -0.13095 -0.00823 0.01186 0.75097 0.66018
45630.80371 4.57180 10.45779 -0.14310 -0.00773 0.01290 0.75182 0.65920
45630.91391 4.50450 11.04572 -0.15817 -0.00872 0.01323 0.75205 0.65892
45631.01372 4.42759 11.67786 -0.17166 -0.01008 0.01341 0.75152 0.65950
45631.12370 4.34622 12.30630 -0.18638 -0.01012 0.01351 0.75120 0.65986
45631.22370 4.25848 12.95372 -0.20431 -0.00996 0.01215 0.75069 0.66047
45631.33373 4.17819 13.62335 -0.22468 -0.01032 0.01160 0.75025 0.66097
45631.43377 4.08942 14.34489 -0.23976 -0.01167 0.01210 0.74981 0.66144
45631.53373 4.00116 15.04815 -0.25437 -0.01331 0.01260 0.74952 0.66173
45631.64374 3.89828 15.76616 -0.26874 -0.01441 0.01279 0.74901 0.66228
45631.74373 3.80072 16.48750 -0.29326 -0.01472 0.01234 0.74854 0.66281
45631.85370 3.70259 17.22910 -0.31955 -0.01437 0.01084 0.74840 0.66300
45631.95382 3.60440 17.97825 -0.34229 -0.01537 0.00953 0.74810 0.66334
45632.05370 3.50671 18.74099 -0.36574 -0.01521 0.01072 0.74766 0.66382
45632.16370 3.40995 19.50258 -0.37995 -0.01559 0.01170 0.74745 0.66403
45632.26376 3.31578 20.26745 -0.39396 -0.01604 0.01259 0.74734 0.66413
45632.37370 3.21364 21.04576 -0.41052 -0.01396 0.01170 0.74725 0.66430
45632.47374 3.11325 21.84841 -0.42739 -0.01104 0.00984 0.74739 0.66422
45632.57366 3.01590 22.64985 -0.43928 -0.00898 0.00988 0.74783 0.66376
45632.68374 2.91404 23.45799 -0.44876 -0.00889 0.01080 0.74806 0.66348
45632.78373 2.80907 24.28817 -0.45822 -0.01154 0.01337 0.74836 0.66305
45632.89383 2.70577 25.11147 -0.46655 -0.01446 0.01594 0.74839 0.66291
45632.99376 2.60666 25.91424 -0.48862 -0.01668 0.01724 0.74862 0.66256
45633.09386 2.50737 26.71882 -0.51569 -0.01707 0.01686 0.74895 0.66220
45633.20368 2.39761 27.54503 -0.54406 -0.01601 0.01548 0.74936 0.66179
45633.30366 2.29669 28.37105 -0.56965 -0.01528 0.01491 0.75025 0.66081
45633.41387 2.17971 29.19033 -0.59571 -0.01604 0.01485 0.75060 0.66040
45633.51373 2.06997 30.01406 -0.61799 -0.01664 0.01581 0.75107 0.65982
45633.61368 1.95753 30.82147 -0.64091 -0.01632 0.01520 0.75192 0.65888
45633.72372 1.83887 31.62840 -0.67060 -0.01533 0.01313 0.75201 0.65884
45633.82372 1.72106 32.44076 -0.69138 -0.01503 0.01125 0.75240 0.65843
45633.93376 1.60862 33.25497 -0.71314 -0.01538 0.01120 0.75232 0.65852
45634.03366 1.49485 34.07691 -0.72811 -0.01636 0.01189 0.75227 0.65855
45634.13366 1.37721 34.89668 -0.74846 -0.01847 0.01327 0.75272 0.65795
45634.24366 1.25976 35.69636 -0.77041 -0.02036 0.01498 0.75280 0.65777
45634.34360 1.13664 36.49921 -0.79267 -0.02192 0.01572 0.75349 0.65691
45634.45370 1.02174 37.29813 -0.81877 -0.02205 0.01550 0.75372 0.65665
45634.55363 0.90639 38.11604 -0.84337 -0.02075 0.01402 0.75414 0.65624
45634.65364 0.78618 38.92780 -0.86882 -0.01969 0.01228 0.75435 0.65606
45634.76366 0.66528 39.74019 -0.89965 -0.01999 0.00965 0.75481 0.65556
45634.86363 0.54151 40.56101 -0.93160 -0.02031 0.00835 0.75543 0.65486
45634.97378 0.41805 41.37353 -0.95703 -0.01853 0.00882 0.75591 0.65435
45635.07361 0.31325 42.17037 -0.97790 -0.01643 0.00887 0.75655 0.65367
45635.17365 0.19919 42.96633 -0.99108 -0.01511 0.01017 0.75718 0.65295
45635.28365 0.07917 43.75994 -1.00330 -0.01652 0.01145 0.75779 0.65219
45635.38366 -0.03721 44.54640 -1.02150 -0.01805 0.01392 0.75851 0.65126
45635.49372 -0.15622 45.32866 -1.04320 -0.01879 0.01553 0.75926 0.65033
45635.59383 -0.28007 46.10831 -1.06483 -0.01842 0.01559 0.75980 0.64971
45635.69370 -0.41613 46.86523 -1.08781 -0.01799 0.01423 0.76051 0.64892
45635.80365 -0.55714 47.62605 -1.11380 -0.01811 0.01225 0.76140 0.64792
45635.90366 -0.69773 48.40391 -1.14244 -0.01886 0.01057 0.76186 0.64738
45636.01367 -0.83929 49.17442 -1.16604 -0.01991 0.01011 0.76236 0.64676
45636.11359 -0.97951 49.93557 -1.18620 -0.02046 0.01074 0.76271 0.64633
45636.21364 -1.11818 50.69791 -1.20908 -0.02181 0.00899 0.76343 0.64546
45636.32364 -1.25927 51.45621 -1.23105 -0.02234 0.00852 0.76387 0.64493
45636.42379 -1.39911 52.21781 -1.25346 -0.02249 0.00967 0.76432 0.64437
45636.53362 -1.53621 52.97631 -1.27411 -0.02363 0.01047 0.76449 0.64412
45636.63362 -1.67801 53.72404 -1.30194 -0.02527 0.01156 0.76451 0.64401
45636.73359 -1.81511 54.47214 -1.33030 -0.02598 0.01213 0.76468 0.64377
45636.84360 -1.95907 55.20914 -1.35651 -0.02589 0.01212 0.76525 0.64309
45636.94369 -2.10855 55.94494 -1.38131 -0.02457 0.01209 0.76539 0.64298
45637.04359 -2.24895 56.65257 -1.40580 -0.02310 0.01100 0.76574 0.64264
45637.15362 -2.38257 57.35516 -1.42897 -0.02238 0.00972 0.76584 0.64257
45637.25359 -2.52122 58.04256 -1.44926 -0.02201 0.00882 0.76533 0.64320
45637.36361 -2.65111 58.71660 -1.46987 -0.02255 0.00755 0.76486 0.64375
45637.46375 -2.77677 59.37421 -1.49127 -0.02397 0.00645 0.76345 0.64539
45637.56361 -2.89582 60.02443 -1.50821 -0.02462 0.00672 0.76195 0.64714
45637.67358 -3.01021 60.65755 -1.51767 -0.02423 0.00818 0.75978 0.64968
45637.77359 -3.11302 61.27021 -1.53892 -0.02495 0.00794 0.75714 0.65273
45637.88359 -3.21432 61.87770 -1.55581 -0.02616 0.00765 0.75344 0.65695
45637.98362 -3.30502 62.46291 -1.56972 -0.02718 0.00748 0.74873 0.66227
45638.09373 -3.38490 63.02497 -1.59019 -0.02809 0.00693 0.74269 0.66901
45638.19368 -3.45129 63.57300 -1.60912 -0.02883 0.00615 0.73563 0.67675
45638.29369 -3.50984 64.11337 -1.62404 -0.02911 0.00593 0.72713 0.68586
45638.40377 -3.54447 64.61484 -1.63722 -0.02826 0.00641 0.71712 0.69635
45638.50366 -3.56079 65.09555 -1.64682 -0.02756 0.00679 0.70542 0.70822
45638.61356 -3.55755 65.54886 -1.65950 -0.02718 0.00695 0.69240 0.72096
45638.71359 -3.54275 65.97996 -1.66416 -0.02675 0.00695 0.67800 0.73454
45638.82358 -3.49652 66.40253 -1.67688 -0.02630 0.00747 0.66205 0.74896
45638.92374 -3.43761 66.83615 -1.68966 -0.02465 0.00804 0.64407 0.76452
45639.03355 -3.34566 67.24769 -1.69398 -0.02106 0.00939 0.62515 0.78017
45639.13351 -3.23435 67.66710 -1.69977 -0.01784 0.00998 0.60475 0.79615
45639.23355 -3.11058 68.08614 -1.70978 -0.01462 0.01055 0.58292 0.81233
45639.34361 -2.96929 68.48532 -1.71359 -0.01455 0.01071 0.56054 0.82793
45639.44356 -2.80050 68.88027 -1.72644 -0.01383 0.01135 0.53826 0.84259
45639.55357 -2.60247 69.27853 -1.74184 -0.01125 0.01306 0.51597 0.85643
45639.65354 -2.37972 69.65234 -1.74028 -0.00703 0.01556 0.49336 0.86966
45639.76355 -2.14409 70.01183 -1.73782 -0.00530 0.01460 0.47036 0.88234
45639.86354 -1.90727 70.37099 -1.75449 -0.00431 0.01041 0.44672 0.89460
45639.96388 -1.65374 70.72459 -1.77087 -0.00337 0.00466 0.42164 0.90674
45640.07354 -1.36641 71.08216 -1.78105 -0.00343 0.00003 0.39560 0.91842
45640.17353 -1.04226 71.42776 -1.78780 -0.00366 -0.00169 0.36898 0.92943
45640.28353 -0.69379 71.76541 -1.79300 -0.00345 -0.00286 0.34156 0.93985
45640.38358 -0.31142 72.08698 -1.79408 -0.00410 -0.00447 0.31450 0.94924
45640.48362 0.10791 72.40688 -1.78288 -0.00514 -0.00440 0.28901 0.95730
45640.59362 0.55928 72.71132 -1.77505 -0.00707 -0.00493 0.26577 0.96400
45640.69370 1.03791 72.99932 -1.77335 -0.00866 -0.00661 0.24443 0.96961
45640.80352 1.55055 73.27683 -1.76561 -0.01061 -0.00675 0.22556 0.97415
45640.90374 2.08011 73.53912 -1.75904 -0.01112 -0.00623 0.21000 0.97762
45641.00356 2.63346 73.79558 -1.74799 -0.01068 -0.00590 0.19735 0.98026
45641.11355 3.20476 74.03341 -1.73563 -0.01093 -0.00528 0.18688 0.98231
45641.21349 3.79882 74.26528 -1.72222 -0.01179 -0.00431 0.17811 0.98393
45641.31368 4.40047 74.49405 -1.70849 -0.01374 -0.00382 0.17059 0.98524
45641.42365 5.01795 74.72537 -1.70538 -0.01409 -0.00357 0.16417 0.98632
45641.52354 5.64953 74.93774 -1.69626 -0.01286 -0.00367 0.15790 0.98736
45641.63354 6.28891 75.15715 -1.68050 -0.01204 -0.00377 0.15124 0.98842
45641.73361 6.94942 75.36991 -1.67242 -0.01223 -0.00340 0.14421 0.98947
45641.83350 7.61459 75.58092 -1.66430 -0.01246 -0.00313 0.13689 0.99050
45641.94369 8.29382 75.78101 -1.64717 -0.01272 -0.00405 0.13070 0.99133
45642.04350 9.00242 75.97234 -1.63221 -0.01213 -0.00628 0.12559 0.99199
45642.15350 9.73613 76.16827 -1.62285 -0.01120 -0.00895 0.12135 0.99251
45642.25351 10.47345 76.35321 -1.60605 -0.01262 -0.00893 0.11756 0.99295
45642.35349 11.21959 76.54480 -1.58654 -0.01368 -0.00634 0.11483 0.99327
45642.46375 11.95927 76.72806 -1.57605 -0.01631 -0.00319 0.11291 0.99347
45642.56351 12.67776 76.90908 -1.55746 -0.01750 -0.00149 0.11102 0.99366
45642.66352 13.40015 77.08527 -1.54034 -0.01755 -0.00151 0.10969 0.99381
45642.77348 14.13184 77.26189 -1.52332 -0.01745 -0.00180 0.10897 0.99389
45642.87344 14.86747 77.43173 -1.51536 -0.01750 -0.00097 0.10795 0.99400
45642.98349 15.61410 77.60576 -1.50686 -0.01739 0.00044 0.10730 0.99407
45643.08347 16.35867 77.77848 -1.50121 -0.01702 0.00117 0.10693 0.99412
45643.18351 17.10113 77.94988 -1.49042 -0.01614 0.00005 0.10582 0.99425
45643.29363 17.83250 78.12474 -1.48125 -0.01615 -0.00283 0.10544 0.99429
45643.39372 18.56051 78.28953 -1.46863 -0.01621 -0.00613 0.10463 0.99436
45643.49347 19.30798 78.45425 -1.45256 -0.01803 -0.00772 0.10459 0.99432
45643.60345 20.06005 78.62149 -1.43530 -0.01942 -0.00726 0.10402 0.99436
45643.70349 20.79869 78.79753 -1.41524 -0.02164 -0.00562 0.10379 0.99435
45643.81359 21.53062 78.96703 -1.40099 -0.02318 -0.00362 0.10307 0.99440
45643.91351 22.26429 79.12741 -1.39064 -0.02389 -0.00275 0.10277 0.99441
45644.01348 22.97464 79.28768 -1.37374 -0.02242 -0.00255 0.10247 0.99448
45644.12342 23.69518 79.44849 -1.36268 -0.02192 -0.00253 0.10215 0.99452
45644.22345 24.41299 79.60603 -1.35221 -0.02158 -0.00313 0.10241 0.99450
45644.33345 25.14610 79.76526 -1.34174 -0.02055 -0.00371 0.10262 0.99450
45644.43368 25.88108 79.92467 -1.32624 -0.02056 -0.00351 0.10247 0.99452
45644.53342 26.61132 80.08451 -1.31453 -0.02197 -0.00316 0.10226 0.99451
45644.64345 27.34743 80.24644 -1.30445 -0.02221 -0.00337 0.10262 0.99447
45644.74347 28.09559 80.40119 -1.29489 -0.02292 -0.00340 0.10386 0.99432
45644.84343 28.84348 80.56270 -1.28730 -0.02289 -0.00318 0.10473 0.99423
45644.95365 29.60378 80.72968 -1.27772 -0.02464 -0.00331 0.10667 0.99398
45645.05343 30.38255 80.90752 -1.26953 -0.02748 -0.00378 0.10844 0.99372
45645.16341 31.15625 81.07545 -1.25949 -0.02716 -0.00562 0.11023 0.99352
45645.26342 31.93613 81.24275 -1.24981 -0.02756 -0.00709 0.11162 0.99334
45645.36344 32.72668 81.41628 -1.23735 -0.02756 -0.00744 0.11253 0.99324
45645.47347 33.54991 81.59373 -1.22325 -0.02862 -0.00708 0.11329 0.99312
45645.57341 34.37233 81.77403 -1.20392 -0.02932 -0.00674 0.11439 0.99298
45645.68340 35.18427 81.96169 -1.18485 -0.02966 -0.00603 0.11524 0.99288
45645.78343 36.00589 82.15319 -1.17486 -0.03021 -0.00473 0.11593 0.99279
45645.88344 36.81350 82.34362 -1.16587 -0.02991 -0.00283 0.11664 0.99272
45645.99349 37.62028 82.54243 -1.16050 -0.03088 -0.00217 0.11632 0.99273
45646.09344 38.44050 82.73735 -1.15565 -0.03280 -0.00247 0.11587 0.99272
45646.19354 39.26326 82.92676 -1.15309 -0.03340 -0.00339 0.11549 0.99274
45646.30350 40.07922 83.12715 -1.15169 -0.03295 -0.00466 0.11486 0.99282
45646.40352 40.89798 83.32440 -1.13912 -0.03170 -0.00538 0.11409 0.99295
45646.51347 41.73153 83.52194 -1.12390 -0.03100 -0.00561 0.11340 0.99305
45646.61337 42.56980 83.72683 -1.11276 -0.03046 -0.00470 0.11295 0.99312
45646.71346 43.41726 83.92489 -1.09159 -0.02869 -0.00338 0.11307 0.99317
45646.82337 44.24596 84.12698 -1.08044 -0.02838 -0.00316 0.11243 0.99325
45646.92357 45.06521 84.32549 -1.07004 -0.02899 -0.00483 0.11194 0.99328
45647.03338 45.88630 84.52407 -1.05699 -0.03063 -0.00748 0.11178 0.99323
45647.13341 46.71253 84.71681 -1.03549 -0.03226 -0.00998 0.11182 0.99315
45647.23346 47.54461 84.90591 -1.01102 -0.03529 -0.01251 0.11213 0.99299
45647.34338 48.37878 85.09903 -0.97945 -0.03774 -0.01309 0.11168 0.99294
45647.44358 49.21157 85.28471 -0.94976 -0.03858 -0.01089 0.11163 0.99294
45647.55339 49.99919 85.46574 -0.91337 -0.03972 -0.00691 0.11182 0.99291
45647.65340 50.78433 85.64406 -0.88415 -0.04009 -0.00379 0.11207 0.99288
45647.75343 51.58896 85.82799 -0.86486 -0.04004 -0.00411 0.11293 0.99279
45647.86349 52.37753 86.01291 -0.83576 -0.03954 -0.00505 0.11406 0.99267
45647.96365 53.18118 86.21297 -0.81925 -0.03997 -0.00549 0.11515 0.99253
45648.07338 53.97728 86.41593 -0.80416 -0.04030 -0.00616 0.11665 0.99234
45648.17342 54.76599 86.60903 -0.79218 -0.04067 -0.00742 0.11832 0.99211
45648.27340 55.54067 86.80578 -0.78205 -0.04154 -0.00871 0.12047 0.99181
45648.38335 56.31475 87.00473 -0.75321 -0.04487 -0.01056 0.12219 0.99144
45648.48342 57.09497 87.21211 -0.73155 -0.04821 -0.01109 0.12422 0.99102
45648.58346 57.87139 87.41890 -0.70703 -0.05075 -0.01070 0.12624 0.99064
45648.69336 58.64569 87.63401 -0.68525 -0.05387 -0.00887 0.12807 0.99026
45648.79336 59.41882 87.84933 -0.66910 -0.05451 -0.00627 0.12995 0.99000
45648.90344 60.17345 88.05769 -0.65108 -0.05393 -0.00453 0.13236 0.98972
45649.00343 60.92646 88.26872 -0.64358 -0.05396 -0.00356 0.13557 0.98929
45649.10334 61.68812 88.48282 -0.63736 -0.05308 -0.00192 0.13854 0.98893
45649.21337 62.43900 88.69976 -0.62395 -0.05378 -0.00146 0.14156 0.98847
45649.31348 63.16478 88.92172 -0.62041 -0.05596 -0.00198 0.14427 0.98795
45649.42359 63.89996 89.15318 -0.61492 -0.05826 -0.00344 0.14683 0.98744
45649.52343 64.63710 89.38321 -0.61047 -0.05885 -0.00448 0.14991 0.98694
45649.62335 65.36297 89.62154 -0.60366 -0.06047 -0.00488 0.15239 0.98646
45649.73333 66.09572 89.86498 -0.60859 -0.06182 -0.00338 0.15444 0.98606
45649.83331 66.81203 90.10028 -0.60127 -0.06232 -0.00107 0.15719 0.98560
45649.94349 67.53422 90.34109 -0.59668 -0.06176 0.00031 0.16011 0.98516
45650.04337 68.24896 90.58331 -0.59529 -0.06120 -0.00081 0.16363 0.98462
45650.14344 68.95467 90.82647 -0.59190 -0.06109 -0.00343 0.16812 0.98387
45650.25334 69.66523 91.07778 -0.59022 -0.06135 -0.00442 0.17290 0.98302
45650.35334 70.36860 91.34169 -0.58529 -0.06269 -0.00326 0.17810 0.98201
45650.46353 71.06676 91.61275 -0.58093 -0.06344 -0.00019 0.18342 0.98099
45650.56332 71.76580 91.89130 -0.58588 -0.06505 0.00368 0.18923 0.97977
45650.66329 72.43539 92.17235 -0.58203 -0.06586 0.00592 0.19473 0.97863
45650.77331 73.08259 92.44672 -0.58970 -0.06728 0.00430 0.20058 0.97735
45650.87331 73.73766 92.73778 -0.59978 -0.06721 0.00070 0.20676 0.97608
45650.97347 74.40114 93.03588 -0.61447 -0.06635 -0.00133 0.21247 0.97491
45651.08328 75.07685 93.35383 -0.64457 -0.06776 0.00016 0.21870 0.97344
45651.18329 75.74251 93.67631 -0.65084 -0.06882 0.00373 0.22464 0.97200
45651.29343 76.39870 94.00276 -0.66517 -0.07017 0.00648 0.23030 0.97056
45651.39353 77.05966 94.32959 -0.68086 -0.07017 0.00649 0.23734 0.96887
45651.49337 77.72360 94.67481 -0.70060 -0.06904 0.00521 0.24349 0.96743
45651.60330 78.37282 95.02965 -0.71564 -0.06652 0.00331 0.24843 0.96636
45651.70332 79.02933 95.39019 -0.73725 -0.06522 0.00137 0.25280 0.96532
45651.81344 79.68294 95.75510 -0.75643 -0.06548 0.00061 0.25667 0.96428
45651.91338 80.32133 96.12507 -0.78049 -0.06805 0.00017 0.26060 0.96305
45652.01333 80.96814 96.50617 -0.80177 -0.06871 0.00121 0.26454 0.96192
45652.12328 81.60795 96.88518 -0.82942 -0.06882 0.00452 0.26866 0.96076
45652.22327 82.25512 97.27843 -0.84719 -0.06936 0.00862 0.27198 0.95976
45652.33327 82.89895 97.68466 -0.87736 -0.07313 0.01125 0.27485 0.95864
45652.43336 83.53110 98.09528 -0.91593 -0.07554 0.01002 0.27772 0.95763
45652.53328 84.15095 98.49472 -0.96780 -0.07410 0.00676 0.28108 0.95680
45652.64327 84.76561 98.89208 -0.99713 -0.07058 0.00484 0.28399 0.95621
45652.74327 85.38178 99.30430 -1.02597 -0.07122 0.00467 0.28628 0.95548
45652.85324 86.00578 99.72881 -1.06354 -0.07399 0.00612 0.28873 0.95453
45652.95335 86.61764 100.14286 -1.09039 -0.07430 0.00844 0.29143 0.95367
45653.05323 87.25406 100.57550 -1.11649 -0.07262 0.00858 0.29430 0.95291
45653.16324 87.88154 101.01802 -1.15591 -0.07178 0.00599 0.29724 0.95208
45653.26334 88.50098 101.46294 -1.19211 -0.07092 0.00342 0.30017 0.95124
45653.37326 89.12699 101.91715 -1.22856 -0.07202 0.00246 0.30307 0.95024
45653.47331 89.76451 102.38177 -1.26196 -0.07356 0.00395 0.30544 0.94936
45653.57328 90.37221 102.82712 -1.28791 -0.07395 0.00534 0.30774 0.94858
45653.68330 90.97115 103.26555 -1.31894 -0.07540 0.00533 0.31012 0.94769
45653.78326 91.57508 103.71474 -1.35233 -0.07477 0.00538 0.31253 0.94694
45653.89342 92.17671 104.16632 -1.38219 -0.07367 0.00555 0.31482 0.94627
45653.99346 92.76501 104.61410 -1.40652 -0.07305 0.00652 0.31682 0.94564
45654.09338 93.35247 105.07020 -1.43523 -0.07266 0.00737 0.31934 0.94482
45654.20322 93.93921 105.51948 -1.46338 -0.07245 0.00784 0.32197 0.94394
45654.30325 94.51210 105.96547 -1.49547 -0.07121 0.00678 0.32448 0.94319
45654.40331 95.08577 106.41623 -1.53097 -0.07023 0.00535 0.32688 0.94244
45654.51324 95.65784 106.87592 -1.56652 -0.07029 0.00422 0.32916 0.94165
45654.61324 96.22322 107.34001 -1.60013 -0.07120 0.00578 0.33109 0.94089
45654.72326 96.77392 107.80058 -1.63133 -0.07278 0.00959 0.33271 0.94017
45654.82326 97.31848 108.24711 -1.66633 -0.07316 0.01416 0.33413 0.93958
45654.92334 97.86109 108.70368 -1.70182 -0.07251 0.01706 0.33620 0.93884
45655.03322 98.38377 109.13428 -1.74046 -0.07061 0.01780 0.33804 0.93831
45655.13323 98.87837 109.55612 -1.78131 -0.07062 0.01631 0.34012 0.93758
45655.24323 99.36498 109.97625 -1.82382 -0.07072 0.01513 0.34236 0.93678
45655.34322 99.84321 110.38672 -1.86583 -0.07006 0.01495 0.34396 0.93625
45655.44336 100.30403 110.78746 -1.90143 -0.06973 0.01510 0.34532 0.93577
45655.55322 100.73663 111.16648 -1.93739 -0.07020 0.01532 0.34628 0.93538
45655.65321 101.16194 111.52675 -1.97245 -0.07053 0.01573 0.34754 0.93487
45655.76322 101.57189 111.88278 -2.00796 -0.07022 0.01613 0.34865 0.93448
45655.86323 101.96983 112.22682 -2.03728 -0.06927 0.01679 0.34998 0.93404
45655.96362 102.33478 112.55654 -2.07155 -0.06850 0.01675 0.35141 0.93356
45656.07323 102.67771 112.87325 -2.10136 -0.06850 0.01517 0.35258 0.93315
45656.17324 102.99534 113.15801 -2.13025 -0.06780 0.01351 0.35377 0.93277
45656.28323 103.32541 113.44600 -2.15782 -0.06584 0.01343 0.35574 0.93216
45656.38326 103.63384 113.71627 -2.18141 -0.06380 0.01457 0.35812 0.93138
45656.48324 103.91257 113.96498 -2.20212 -0.06396 0.01518 0.36096 0.93026
45656.59324 104.17222 114.21399 -2.22502 -0.06560 0.01565 0.36399 0.92896
45656.69333 104.41668 114.44903 -2.24994 -0.06815 0.01668 0.36691 0.92761
45656.79335 104.64801 114.67214 -2.27617 -0.06989 0.01918 0.37000 0.92620
45656.90339 104.87861 114.88931 -2.30178 -0.06998 0.02115 0.37342 0.92478
45657.00326 105.07792 115.07761 -2.32209 -0.06843 0.02252 0.37758 0.92317
45657.11318 105.25899 115.25362 -2.33683 -0.06689 0.02389 0.38277 0.92111
45657.21318 105.43371 115.42925 -2.35216 -0.06546 0.02550 0.38900 0.91855
45657.31335 105.59207 115.58975 -2.36839 -0.06515 0.02658 0.39655 0.91531
45657.42329 105.72706 115.74308 -2.38496 -0.06557 0.02707 0.40528 0.91144
45657.52317 105.85998 115.89810 -2.40054 -0.06511 0.02698 0.41508 0.90705
45657.62317 105.98549 116.03964 -2.41667 -0.06437 0.02570 0.42515 0.90247
45657.73322 106.09667 116.18809 -2.43501 -0.06319 0.02412 0.43546 0.89767
45657.83315 106.19638 116.32209 -2.45441 -0.06364 0.02249 0.44570 0.89263
45657.94345 106.30606 116.47246 -2.47763 -0.06617 0.02062 0.45567 0.88745
45658.04317 106.39791 116.61127 -2.50665 -0.06685 0.02066 0.46590 0.88206
45658.14318 106.49949 116.74450 -2.52911 -0.06553 0.02209 0.47663 0.87638
45658.25316 106.59383 116.87319 -2.54522 -0.06437 0.02369 0.48771 0.87031
45658.35317 106.68421 117.02173 -2.55873 -0.06475 0.02523 0.49958 0.86348
45658.45321 106.76081 117.17046 -2.57759 -0.06620 0.02663 0.51215 0.85593
45658.56318 106.83391 117.33194 -2.59961 -0.06757 0.02795 0.52481 0.84807
45658.66323 106.89410 117.47803 -2.61852 -0.06843 0.02950 0.53765 0.83987
45658.77317 106.95297 117.63743 -2.63431 -0.06987 0.02992 0.55062 0.83129
45658.87318 107.01540 117.80323 -2.65633 -0.07131 0.03050 0.56332 0.82259
45658.97321 107.07491 117.96689 -2.67659 -0.07209 0.03177 0.57604 0.81362
45659.08316 107.12525 118.10998 -2.69100 -0.07145 0.03306 0.58958 0.80386
45659.18316 107.18256 118.29223 -2.70741 -0.07047 0.03317 0.60357 0.79350
45659.28317 107.23944 118.49910 -2.73543 -0.06852 0.03297 0.61833 0.78223
45659.39328 107.29961 118.71214 -2.76460 -0.06731 0.03321 0.63389 0.76977
45659.49331 107.36419 118.92913 -2.79527 -0.06616 0.03432 0.65028 0.75603
45659.59325 107.40891 119.18292 -2.82920 -0.06477 0.03524 0.66703 0.74137
45659.70314 107.45008 119.44517 -2.86525 -0.06297 0.03633 0.68425 0.72562
45659.80315 107.49035 119.71750 -2.90364 -0.06155 0.03715 0.70159 0.70895
45659.91328 107.51018 120.00601 -2.94387 -0.06065 0.03899 0.71891 0.69136
45660.01318 107.49774 120.31619 -2.98871 -0.06016 0.04115 0.73648 0.67252
45660.11312 107.48209 120.62599 -3.03252 -0.05920 0.04407 0.75387 0.65287
45660.22316 107.44846 120.94011 -3.07169 -0.05801 0.04719 0.77069 0.63281
45660.32312 107.39748 121.26989 -3.11361 -0.05656 0.05051 0.78730 0.61189
45660.42320 107.32345 121.60648 -3.15788 -0.05559 0.05317 0.80301 0.59097
45660.53313 107.20904 121.94465 -3.21059 -0.05469 0.05564 0.81809 0.56977
45660.63310 107.07619 122.28402 -3.26615 -0.05311 0.05841 0.83196 0.54919
45660.74310 106.92655 122.63162 -3.32471 -0.05066 0.06126 0.84511 0.52864
45660.84311 106.74091 122.98237 -3.38511 -0.04814 0.06421 0.85756 0.50808
45660.94320 106.52775 123.34864 -3.44540 -0.04621 0.06689 0.86914 0.48784
45661.05309 106.27474 123.72044 -3.51075 -0.04429 0.06896 0.87993 0.46797
45661.15312 105.99733 124.11483 -3.57787 -0.04288 0.07049 0.88997 0.44850
45661.26311 105.69956 124.50680 -3.64612 -0.04199 0.07131 0.89866 0.43078
45661.36312 105.36964 124.89477 -3.71356 -0.04113 0.07188 0.90570 0.41574
45661.46325 105.01156 125.28269 -3.78347 -0.04062 0.07200 0.91130 0.40335
45661.57310 104.63672 125.68260 -3.85336 -0.04011 0.07142 0.91574 0.39334
45661.67308 104.23382 126.10325 -3.92894 -0.04009 0.07122 0.91921 0.38520
45661.78315 103.80325 126.52803 -4.00523 -0.04001 0.07162 0.92177 0.37895
45661.88307 103.35349 126.95472 -4.08356 -0.03989 0.07251 0.92395 0.37346
45661.99335 102.88356 127.38890 -4.16056 -0.03976 0.07325 0.92584 0.36860
45662.09312 102.40445 127.82003 -4.23691 -0.04015 0.07357 0.92723 0.36500
45662.19313 101.91207 128.25732 -4.32011 -0.04025 0.07355 0.92844 0.36189
45662.30308 101.40513 128.70304 -4.40515 -0.04016 0.07389 0.92940 0.35935
45662.40315 100.89654 129.16292 -4.49102 -0.04019 0.07417 0.93015 0.35735
45662.51308 100.36847 129.62494 -4.57746 -0.04037 0.07462 0.93045 0.35647
45662.61307 99.82280 130.09779 -4.67060 -0.04024 0.07485 0.93059 0.35605
45662.72306 99.26113 130.58307 -4.76061 -0.04002 0.07505 0.93072 0.35570
45662.82310 98.68404 131.07883 -4.85701 -0.03965 0.07518 0.93076 0.35562
45662.92327 98.10330 131.57704 -4.94906 -0.03955 0.07520 0.93075 0.35566
45663.03306 97.49948 132.10151 -5.05058 -0.04000 0.07493 0.93087 0.35535
45663.13308 96.88678 132.63247 -5.14882 -0.04158 0.07414 0.93085 0.35537
45663.24305 96.26749 133.17963 -5.25346 -0.04257 0.07395 0.93093 0.35508
45663.34313 95.64748 133.71611 -5.35496 -0.04250 0.07459 0.93096 0.35488
45663.44325 95.01810 134.26048 -5.46385 -0.04155 0.07480 0.93112 0.35453
45663.55304 94.36811 134.83004 -5.57658 -0.04083 0.07481 0.93126 0.35426
45663.65304 93.71535 135.40566 -5.68394 -0.04076 0.07542 0.93121 0.35426
45663.76307 93.05568 135.99038 -5.78936 -0.04034 0.07641 0.93119 0.35414
45663.86306 92.38769 136.57088 -5.89841 -0.03943 0.07587 0.93125 0.35420
45663.96341 91.70423 137.15995 -6.00802 -0.03792 0.07543 0.93146 0.35391
45664.07304 91.01857 137.75736 -6.11528 -0.03695 0.07406 0.93172 0.35362
45664.17313 90.31364 138.35445 -6.23059 -0.03682 0.07264 0.93156 0.35434
45664.28305 89.61080 138.97315 -6.33753 -0.03747 0.07222 0.93121 0.35529
45664.38305 88.88759 139.61271 -6.44618 -0.03876 0.07234 0.93095 0.35581
45664.48311 88.15546 140.25312 -6.55224 -0.04002 0.07331 0.93100 0.35532
45664.59309 87.43802 140.88142 -6.66650 -0.04043 0.07405 0.93083 0.35557
45664.69310 86.71320 141.50888 -6.77591 -0.04083 0.07456 0.93076 0.35560
45664.80306 85.98355 142.13985 -6.88654 -0.04097 0.07487 0.93074 0.35558
45664.90328 85.25592 142.77613 -7.00116 -0.04148 0.07425 0.93083 0.35542
45665.00305 84.53488 143.40261 -7.11524 -0.04189 0.07414 0.93066 0.35583
45665.11301 83.79742 144.03652 -7.23158 -0.04277 0.07392 0.93081 0.35540
45665.21300 83.07181 144.65989 -7.34814 -0.04319 0.07394 0.93079 0.35538
45665.32305 82.36018 145.26765 -7.45901 -0.04299 0.07416 0.93087 0.35516
45665.42313 81.64475 145.87027 -7.57174 -0.04253 0.07430 0.93105 0.35471
45665.52301 80.95069 146.46478 -7.68306 -0.04246 0.07402 0.93121 0.35435
45665.63301 80.24402 147.06886 -7.79549 -0.04250 0.07364 0.93148 0.35371
45665.73299 79.52964 147.67311 -7.90634 -0.04237 0.07357 0.93146 0.35379
45665.83300 78.81142 148.29102 -8.01686 -0.04237 0.07283 0.93167 0.35340
45665.94306 78.10786 148.88586 -8.12384 -0.04241 0.07199 0.93183 0.35315
45666.04299 77.38983 149.49002 -8.23447 -0.04237 0.07196 0.93196 0.35282
45666.15302 76.69796 150.07299 -8.33885 -0.04331 0.07040 0.93196 0.35301
45666.25298 75.97829 150.66829 -8.45193 -0.04314 0.07019 0.93194 0.35313
45666.35297 75.25782 151.27206 -8.56385 -0.04274 0.06942 0.93208 0.35296
45666.46325 74.53213 151.87649 -8.67351 -0.04241 0.06914 0.93200 0.35328
45666.56298 73.82663 152.48010 -8.78558 -0.04236 0.06939 0.93161 0.35426
45666.67299 73.10676 153.09834 -8.89735 -0.04282 0.07027 0.93146 0.35440
45666.77297 72.38706 153.71043 -9.01435 -0.04435 0.07217 0.93113 0.35472
45666.87297 71.67099 154.33130 -9.13135 -0.04637 0.07466 0.93071 0.35504
45666.98303 70.94922 154.96149 -9.25042 -0.04677 0.07534 0.93063 0.35506
45667.08296 70.25044 155.57191 -9.36722 -0.04490 0.07514 0.93075 0.35503
45667.19308 69.55134 156.17604 -9.49080 -0.04270 0.07425 0.93084 0.35526
45667.29309 68.84150 156.78951 -9.60470 -0.04256 0.07438 0.93078 0.35539
45667.39307 68.14127 157.39465 -9.71772 -0.04367 0.07470 0.93076 0.35524
45667.50303 67.44655 157.99193 -9.82613 -0.04401 0.07559 0.93063 0.35537
45667.60295 66.75305 158.58989 -9.93922 -0.04344 0.07566 0.93080 0.35496
45667.70294 66.07822 159.17310 -10.05258 -0.04250 0.07537 0.93082 0.35508
45667.81311 65.39371 159.76427 -10.16460 -0.04305 0.07525 0.93089 0.35487
45667.91311 64.69609 160.36913 -10.27856 -0.04444 0.07567 0.93096 0.35443
45668.02299 63.98881 160.98000 -10.39248 -0.04586 0.07643 0.93084 0.35440
45668.12293 63.30673 161.56651 -10.50826 -0.04586 0.07704 0.93062 0.35484
45668.22294 62.64397 162.14626 -10.61695 -0.04523 0.07735 0.93064 0.35479
45668.33292 61.96598 162.73950 -10.72693 -0.04466 0.07727 0.93072 0.35467
45668.43302 61.28216 163.33360 -10.84060 -0.04479 0.07600 0.93082 0.35468
45668.53293 60.59409 163.92802 -10.95493 -0.04520 0.07469 0.93071 0.35520
45668.64295 59.90517 164.51708 -11.06756 -0.04535 0.07412 0.93052 0.35580
45668.74297 59.21820 165.10896 -11.17957 -0.04596 0.07319 0.93042 0.35615
45668.85294 58.55309 165.68475 -11.29120 -0.04645 0.07261 0.93018 0.35684
45668.95306 57.89387 166.24997 -11.39842 -0.04656 0.07274 0.92989 0.35755
45669.05293 57.22979 166.82656 -11.50808 -0.04628 0.07225 0.92969 0.35822
45669.16290 56.57399 167.40213 -11.62107 -0.04580 0.07211 0.92955 0.35867
45669.26291 55.92540 167.96811 -11.73649 -0.04571 0.07241 0.92937 0.35909
45669.37291 55.27415 168.54876 -11.85061 -0.04578 0.07338 0.92906 0.35969
45669.47297 54.62996 169.13105 -11.95535 -0.04581 0.07355 0.92876 0.36040
45669.57295 53.98386 169.72261 -12.06167 -0.04520 0.07297 0.92874 0.36065
45669.68290 53.33797 170.30153 -12.17313 -0.04347 0.07309 0.92867 0.36104
45669.78291 52.70109 170.86466 -12.27270 -0.04288 0.07265 0.92838 0.36193
45669.88290 52.07384 171.41659 -12.37468 -0.04360 0.07168 0.92823 0.36243
45669.99306 51.46409 171.96517 -12.47423 -0.04433 0.07140 0.92821 0.36244
45670.09306 50.84084 172.51323 -12.56807 -0.04444 0.07131 0.92821 0.36245
45670.20291 50.23475 173.05818 -12.66595 -0.04415 0.07145 0.92824 0.36238
45670.30298 49.64471 173.58392 -12.75913 -0.04410 0.07151 0.92816 0.36258
45670.40307 49.05007 174.10334 -12.85335 -0.04414 0.07143 0.92804 0.36289
45670.51290 48.47123 174.61263 -12.94501 -0.04440 0.07112 0.92803 0.36295
45670.61287 47.88802 175.13412 -13.03421 -0.04453 0.07080 0.92807 0.36290
45670.72289 47.32441 175.64108 -13.12290 -0.04470 0.07133 0.92798 0.36299
45670.82288 46.73915 176.15887 -13.21472 -0.04536 0.07158 0.92792 0.36301
45670.92305 46.18798 176.65102 -13.30396 -0.04605 0.07206 0.92783 0.36307
45671.03287 45.65023 177.13341 -13.38679 -0.04662 0.07299 0.92752 0.36361
45671.13291 45.14230 177.60126 -13.47344 -0.04675 0.07368 0.92753 0.36343
45671.23289 44.63010 178.07650 -13.56059 -0.04650 0.07471 0.92759 0.36309
45671.34288 44.12255 178.53073 -13.63911 -0.04637 0.07520 0.92746 0.36334
45671.44294 43.63716 178.96910 -13.72261 -0.04636 0.07543 0.92763 0.36286
45671.55292 43.14117 179.41639 -13.80613 -0.04614 0.07599 0.92782 0.36227
45671.65288 42.64918 179.85046 -13.89007 -0.04523 0.07665 0.92809 0.36157
45671.75287 42.17978 180.26796 -13.96514 -0.04428 0.07772 0.92861 0.36012
45671.86293 41.73196 180.67248 -14.03953 -0.04355 0.07897 0.92935 0.35803
45671.96326 41.28153 181.06576 -14.11113 -0.04306 0.08010 0.93076 0.35414
45672.07288 40.85603 181.43827 -14.17981 -0.04253 0.08154 0.93252 0.34921
45672.17286 40.42687 181.81333 -14.24501 -0.04201 0.08271 0.93459 0.34341
45672.27289 40.00167 182.16521 -14.31391 -0.04115 0.08403 0.93687 0.33692
45672.38285 39.59473 182.50755 -14.37627 -0.04002 0.08600 0.93963 0.32879
45672.48289 39.16692 182.83536 -14.43541 -0.03883 0.08771 0.94277 0.31935
45672.58292 38.73514 183.15028 -14.49221 -0.03835 0.08859 0.94644 0.30812
45672.69291 38.30251 183.44646 -14.54285 -0.03891 0.08807 0.95033 0.29597
45672.79299 37.87223 183.72849 -14.59797 -0.03942 0.08722 0.95457 0.28219
45672.89298 37.44353 183.98934 -14.65199 -0.03932 0.08628 0.95918 0.26642
45673.00293 37.02002 184.22711 -14.70185 -0.03913 0.08563 0.96401 0.24866
45673.10286 36.59493 184.45197 -14.75108 -0.03866 0.08643 0.96869 0.22951
45673.21289 36.18385 184.64024 -14.78252 -0.03878 0.08493 0.97357 0.20843
45673.31299 35.77179 184.80147 -14.82055 -0.03780 0.08171 0.97841 0.18604
45673.41304 35.35713 184.93640 -14.85791 -0.03656 0.07663 0.98291 0.16336
45673.52285 34.92014 185.05234 -14.90335 -0.03462 0.07298 0.98675 0.14075
45673.62283 34.48405 185.16080 -14.93930 -0.03196 0.07025 0.99014 0.11693
45673.72286 34.03501 185.25200 -14.97849 -0.02958 0.07016 0.99284 0.09203
45673.83286 33.57971 185.32153 -15.00775 -0.02844 0.07016 0.99487 0.06707
45673.93295 33.13096 185.36691 -15.03323 -0.02785 0.07013 0.99627 0.04182
45674.04284 32.67783 185.39148 -15.04340 -0.02857 0.06662 0.99724 0.01635
45674.14291 32.23711 185.38456 -15.06086 -0.02976 0.06220 0.99758 -0.00906
45674.24285 31.80606 185.35505 -15.09228 -0.02996 0.06152 0.99706 -0.03455
45674.35284 31.38740 185.31229 -15.12236 -0.02823 0.06425 0.99572 -0.06006
45674.45287 30.95349 185.26345 -15.12925 -0.02614 0.06786 0.99365 -0.08588
45674.55284 30.53764 185.20406 -15.13917 -0.02395 0.06990 0.99106 -0.11112
45674.66285 30.13405 185.10354 -15.13681 -0.02227 0.07080 0.98796 -0.13576
45674.76286 29.74221 184.99677 -15.14108 -0.02011 0.07108 0.98433 -0.16015
45674.87280 29.36082 184.86909 -15.15424 -0.01797 0.07161 0.98003 -0.18463
45674.97303 28.98370 184.71630 -15.16512 -0.01660 0.07398 0.97493 -0.20918
45675.07279 28.60441 184.55327 -15.14795 -0.01585 0.07482 0.96957 -0.23255
45675.18280 28.21344 184.35209 -15.13276 -0.01516 0.07273 0.96418 -0.25462
45675.28281 27.84283 184.12591 -15.12472 -0.01581 0.07132 0.95862 -0.27515
45675.39291 27.47681 183.88905 -15.11327 -0.01690 0.07211 0.95317 -0.29322
45675.49296 27.11370 183.64609 -15.09692 -0.01795 0.07371 0.94810 -0.30881
45675.59283 26.76098 183.38043 -15.07433 -0.01817 0.07402 0.94339 -0.32282
45675.70284 26.41833 183.09900 -15.06510 -0.01776 0.07353 0.93929 -0.33470
45675.80281 26.07473 182.80147 -15.05033 -0.01703 0.07334 0.93567 -0.34474
45675.91290 25.73134 182.50962 -15.03935 -0.01624 0.07305 0.93261 -0.35304
45676.01281 25.38937 182.19391 -15.02142 -0.01562 0.07273 0.93024 -0.35933
45676.12282 25.03395 181.87680 -15.00727 -0.01459 0.07182 0.92830 -0.36455
45676.22278 24.67188 181.54994 -14.99088 -0.01325 0.07144 0.92685 -0.36833
45676.32280 24.30501 181.20749 -14.97716 -0.01239 0.07154 0.92548 -0.37177
45676.43298 23.92152 180.85330 -14.95955 -0.01223 0.07215 0.92438 -0.37438
45676.53279 23.54069 180.47057 -14.92921 -0.01259 0.07347 0.92340 -0.37652
45676.64279 23.14570 180.07622 -14.89728 -0.01193 0.07371 0.92264 -0.37837
45676.74279 22.74987 179.67176 -14.86299 -0.01078 0.07246 0.92243 -0.37916
45676.85281 22.34290 179.25544 -14.83611 -0.01049 0.07183 0.92190 -0.38057
45676.95305 21.91913 178.82378 -14.81025 -0.01117 0.07290 0.92163 -0.38101
45677.05279 21.49461 178.38824 -14.77696 -0.01211 0.07497 0.92153 -0.38081
45677.16279 21.05621 177.94534 -14.73724 -0.01201 0.07546 0.92167 -0.38038
45677.26282 20.62339 177.49439 -14.71077 -0.00957 0.07478 0.92186 -0.38012
45677.37277 20.17283 177.02802 -14.68253 -0.00649 0.07538 0.92194 -0.37987
45677.47283 19.70177 176.55430 -14.65415 -0.00431 0.07504 0.92207 -0.37966
45677.58278 19.21609 176.06260 -14.61144 -0.00430 0.07472 0.92216 -0.37949
45677.68273 18.72152 175.55778 -14.56545 -0.00470 0.07305 0.92229 -0.37951
45677.78274 18.20265 175.03342 -14.52179 -0.00521 0.07103 0.92232 -0.37981
45677.89294 17.68712 174.50907 -14.48224 -0.00547 0.06954 0.92217 -0.38044
45677.99283 17.15302 173.97561 -14.44158 -0.00591 0.06863 0.92206 -0.38086
45678.10278 16.59934 173.42019 -14.40492 -0.00702 0.06756 0.92213 -0.38088
45678.20269 16.03833 172.86325 -14.37102 -0.00884 0.06671 0.92221 -0.38078
45678.30276 15.46704 172.29910 -14.33200 -0.00923 0.06524 0.92225 -0.38093
45678.41296 14.89712 171.71618 -14.29156 -0.00782 0.06409 0.92217 -0.38137
45678.51279 14.31015 171.13103 -14.25862 -0.00668 0.06467 0.92194 -0.38184
45678.62273 13.70719 170.53301 -14.22037 -0.00748 0.06526 0.92181 -0.38205
45678.72269 13.11031 169.93672 -14.18273 -0.01014 0.06524 0.92168 -0.38228
45678.82280 12.51101 169.33790 -14.14475 -0.01172 0.06618 0.92154 -0.38242
45678.93278 11.90854 168.73651 -14.11219 -0.01181 0.06725 0.92139 -0.38261
45679.03275 11.28797 168.12478 -14.08236 -0.01116 0.07012 0.92089 -0.38330
45679.14276 10.66239 167.50537 -14.04705 -0.01042 0.07291 0.92052 -0.38369
45679.24275 10.04339 166.88150 -14.01083 -0.00957 0.07377 0.92048 -0.38364
45679.34272 9.40418 166.23973 -13.96461 -0.00936 0.07337 0.92060 -0.38343
45679.45283 8.76418 165.59453 -13.91886 -0.01027 0.07216 0.92068 -0.38344
45679.55271 8.12427 164.95595 -13.87697 -0.01150 0.07095 0.92071 -0.38358
45679.66278 7.49318 164.31402 -13.83350 -0.01284 0.07066 0.92073 -0.38352
45679.76274 6.84025 163.65844 -13.79497 -0.01388 0.07167 0.92056 -0.38372
45679.86272 6.20173 163.02450 -13.75376 -0.01557 0.07415 0.92044 -0.38346
45679.97281 5.55419 162.38396 -13.71166 -0.01750 0.07435 0.92029 -0.38371
45680.07275 4.91048 161.74480 -13.67561 -0.02027 0.07420 0.92024 -0.38373
45680.17272 4.27440 161.11867 -13.64735 -0.02285 0.07475 0.91989 -0.38430
45680.28274 3.63484 160.48038 -13.61609 -0.02273 0.07609 0.91972 -0.38446
45680.38275 3.02303 159.85004 -13.58664 -0.01971 0.07730 0.91986 -0.38404
45680.49275 2.40758 159.21671 -13.55863 -0.01612 0.07890 0.92006 -0.38341
45680.59272 1.77324 158.58744 -13.52611 -0.01498 0.07952 0.92017 -0.38306
45680.69274 1.15176 157.96983 -13.48338 -0.01601 0.07897 0.92024 -0.38297
45680.80271 0.53022 157.34328 -13.44351 -0.01724 0.07854 0.92015 -0.38322
45680.90275 -0.09601 156.72006 -13.40101 -0.01786 0.07801 0.92038 -0.38275
45681.01272 -0.71556 156.09189 -13.36272 -0.01771 0.07662 0.92111 -0.38129
45681.11268 -1.33876 155.45883 -13.32634 -0.01757 0.07521 0.92236 -0.37853
45681.21269 -1.97636 154.82280 -13.29295 -0.01762 0.07456 0.92408 -0.37444
45681.32267 -2.61137 154.20818 -13.25963 -0.01775 0.07469 0.92602 -0.36958
45681.42283 -3.24964 153.59811 -13.22703 -0.01869 0.07504 0.92866 -0.36278
45681.53281 -3.89014 153.01477 -13.19827 -0.02087 0.07558 0.93155 -0.35507
45681.63270 -4.53739 152.44927 -13.16508 -0.02306 0.07577 0.93500 -0.34569
45681.73266 -5.18267 151.89514 -13.14067 -0.02470 0.07705 0.93895 -0.33439
45681.84267 -5.83469 151.37139 -13.12109 -0.02638 0.07898 0.94342 -0.32099
45681.94295 -6.51039 150.86005 -13.11193 -0.02813 0.08041 0.94826 -0.30585
45682.05264 -7.20597 150.36880 -13.09626 -0.02972 0.08113 0.95295 -0.29054
45682.15267 -7.91290 149.90437 -13.10407 -0.03002 0.08284 0.95731 -0.27531
45682.26267 -8.62714 149.45184 -13.10367 -0.02722 0.08463 0.96152 -0.25996
45682.36266 -9.34640 149.03238 -13.10322 -0.02400 0.08563 0.96572 -0.24390
45682.46282 -10.08380 148.63059 -13.09290 -0.02172 0.08405 0.96985 -0.22770
45682.57268 -10.83399 148.24815 -13.08745 -0.02186 0.08132 0.97358 -0.21225
45682.67264 -11.60303 147.90414 -13.08889 -0.02224 0.07989 0.97660 -0.19845
45682.78270 -12.37942 147.56221 -13.09090 -0.02218 0.08051 0.97900 -0.18599
45682.88264 -13.18210 147.23165 -13.09486 -0.02199 0.08187 0.98083 -0.17546
45682.98268 -13.99059 146.92809 -13.08833 -0.02352 0.08070 0.98254 -0.16597
45683.09263 -14.81273 146.63431 -13.10242 -0.02610 0.07929 0.98406 -0.15700
45683.19271 -15.65116 146.34999 -13.11967 -0.02742 0.07916 0.98547 -0.14778
45683.30261 -16.49513 146.07774 -13.14249 -0.02777 0.07934 0.98672 -0.13901
45683.40278 -17.34889 145.82442 -13.16245 -0.02638 0.07892 0.98787 -0.13111
45683.50274 -18.20670 145.58591 -13.18837 -0.02524 0.08020 0.98871 -0.12406
45683.61264 -19.10220 145.36604 -13.21181 -0.02727 0.08212 0.98913 -0.11887
45683.71264 -20.00433 145.15961 -13.22807 -0.03226 0.08479 0.98918 -0.11530
45683.81277 -20.91208 144.94910 -13.26128 -0.03656 0.08671 0.98905 -0.11368
45683.92272 -21.82312 144.73814 -13.29717 -0.03719 0.08692 0.98910 -0.11290
45684.02262 -22.72042 144.52319 -13.34257 -0.03561 0.08606 0.98927 -0.11252
45684.13263 -23.64439 144.31300 -13.38420 -0.03344 0.08422 0.98957 -0.11200
45684.23262 -24.57644 144.08805 -13.42734 -0.03181 0.08074 0.98990 -0.11207
45684.33262 -25.52677 143.87013 -13.46814 -0.03127 0.07811 0.99016 -0.11186
45684.44264 -26.49110 143.64718 -13.50411 -0.03222 0.07699 0.99012 -0.11265
45684.54262 -27.46804 143.41156 -13.53865 -0.03296 0.07628 0.99006 -0.11347
45684.64261 -28.44214 143.18401 -13.57492 -0.03315 0.07648 0.98995 -0.11424
45684.75261 -29.42034 142.95199 -13.61201 -0.03273 0.07599 0.98992 -0.11491
45684.85261 -30.40761 142.71382 -13.65142 -0.03202 0.07513 0.98994 -0.11554
45684.96280 -31.39332 142.47094 -13.68567 -0.03121 0.07412 0.98998 -0.11604
45685.06266 -32.38091 142.22785 -13.72088 -0.03057 0.07266 0.99008 -0.11633
45685.16257 -33.38079 141.98995 -13.75212 -0.03061 0.07206 0.99015 -0.11604
45685.27257 -34.39246 141.74491 -13.78763 -0.03114 0.07146 0.99022 -0.11567
45685.37259 -35.41589 141.50274 -13.81751 -0.03142 0.07201 0.99022 -0.11526
45685.47265 -36.42516 141.26802 -13.84773 -0.03171 0.07159 0.99028 -0.11495
45685.58258 -37.43965 141.02435 -13.87863 -0.03232 0.07110 0.99028 -0.11507
45685.68259 -38.44640 140.78590 -13.91309 -0.03326 0.07038 0.99032 -0.11490
45685.79262 -39.44875 140.54755 -13.94251 -0.03391 0.07046 0.99035 -0.11442
45685.89273 -40.46260 140.30819 -13.97007 -0.03352 0.07175 0.99032 -0.11402
45685.99276 -41.47274 140.06429 -14.00351 -0.03235 0.07254 0.99031 -0.11396
45686.10258 -42.46061 139.82050 -14.03332 -0.03197 0.07276 0.99032 -0.11377
45686.20259 -43.45072 139.58132 -14.06084 -0.03204 0.07306 0.99031 -0.11369
45686.30255 -44.44957 139.33426 -14.08596 -0.03272 0.07300 0.99036 -0.11304
45686.41265 -45.44686 139.09961 -14.11665 -0.03357 0.07253 0.99052 -0.11174
45686.51257 -46.43839 138.85902 -14.13210 -0.03404 0.07335 0.99054 -0.11085
45686.62261 -47.39974 138.62537 -14.16244 -0.03384 0.07312 0.99069 -0.10977
45686.72256 -48.36776 138.39329 -14.20286 -0.03348 0.07215 0.99090 -0.10854
45686.82255 -49.34059 138.17226 -14.24185 -0.03409 0.07132 0.99106 -0.10746
45686.93273 -50.32554 137.94337 -14.26392 -0.03501 0.07313 0.99104 -0.10613
45687.03257 -51.30147 137.73097 -14.28553 -0.03602 0.07535 0.99096 -0.10495
45687.14253 -52.27206 137.51705 -14.32191 -0.03613 0.07610 0.99099 -0.10409
45687.24257 -53.21958 137.30704 -14.35869 -0.03612 0.07664 0.99104 -0.10325
45687.34260 -54.17510 137.09867 -14.39782 -0.03575 0.07666 0.99112 -0.10262
45687.45259 -55.17195 136.88246 -14.43066 -0.03589 0.07708 0.99112 -0.10222
45687.55257 -56.16228 136.66686 -14.47041 -0.03619 0.07749 0.99112 -0.10184
45687.65252 -57.13809 136.45593 -14.50832 -0.03552 0.07749 0.99115 -0.10175
45687.76255 -58.08482 136.25186 -14.54309 -0.03385 0.07678 0.99128 -0.10158
45687.86252 -59.01519 136.05018 -14.57582 -0.03299 0.07667 0.99129 -0.10185
45687.97259 -59.94664 135.85200 -14.61027 -0.03258 0.07613 0.99131 -0.10225
45688.07253 -60.87944 135.65002 -14.64049 -0.03296 0.07659 0.99119 -0.10293
45688.17253 -61.81220 135.44342 -14.66521 -0.03354 0.07784 0.99102 -0.10341
45688.28251 -62.75530 135.24038 -14.69427 -0.03430 0.07940 0.99083 -0.10377
45688.38251 -63.70439 135.02586 -14.72245 -0.03462 0.08115 0.99064 -0.10420
45688.49256 -64.62072 134.81240 -14.75087 -0.03496 0.08180 0.99050 -0.10483
45688.59260 -65.54474 134.59951 -14.77315 -0.03524 0.08163 0.99044 -0.10549
45688.69260 -66.47714 134.38869 -14.80473 -0.03482 0.08049 0.99044 -0.10650
45688.80254 -67.39945 134.18142 -14.84051 -0.03433 0.08133 0.99025 -0.10776
45688.90274 -68.29969 133.98183 -14.86862 -0.03392 0.08139 0.99007 -0.10949
45689.00256 -69.19838 133.78448 -14.89053 -0.03387 0.08241 0.98978 -0.11135
45689.11253 -70.09007 133.58739 -14.90878 -0.03372 0.08260 0.98961 -0.11277
45689.21251 -70.97098 133.37900 -14.93477 -0.03357 0.08275 0.98943 -0.11423
45689.32252 -71.85485 133.16666 -14.95787 -0.03384 0.08265 0.98929 -0.11544
45689.42267 -72.76074 132.93771 -14.98074 -0.03486 0.08212 0.98931 -0.11538
45689.52251 -73.65462 132.72782 -15.00380 -0.03606 0.08207 0.98921 -0.11587
45689.63252 -74.53435 132.51003 -15.03599 -0.03624 0.08034 0.98941 -0.11534
45689.73251 -75.37925 132.30579 -15.06804 -0.03643 0.08001 0.98943 -0.11532
45689.84250 -76.21788 132.09821 -15.09782 -0.03650 0.07946 0.98954 -0.11477
45689.94258 -77.03400 131.89824 -15.12638 -0.03685 0.07874 0.98972 -0.11353
45690.04250 -77.82562 131.70683 -15.14994 -0.03713 0.07858 0.98995 -0.11159
45690.15250 -78.60275 131.52435 -15.17620 -0.03736 0.07814 0.99029 -0.10878
45690.25250 -79.37111 131.34592 -15.20247 -0.03783 0.07814 0.99065 -0.10524
45690.36250 -80.11441 131.17937 -15.23462 -0.03871 0.07832 0.99099 -0.10154
45690.46272 -80.85544 131.01586 -15.25941 -0.03922 0.07883 0.99130 -0.09781
45690.56249 -81.55879 130.86304 -15.28480 -0.03983 0.07892 0.99163 -0.09407
45690.67250 -82.23188 130.72477 -15.31274 -0.04048 0.07890 0.99192 -0.09074
45690.77247 -82.87002 130.60013 -15.34073 -0.04080 0.07868 0.99218 -0.08784
45690.88248 -83.50385 130.48076 -15.36606 -0.04099 0.07822 0.99244 -0.08523
45690.98249 -84.11097 130.36627 -15.39352 -0.04127 0.07836 0.99263 -0.08269
45691.08248 -84.70574 130.25069 -15.42359 -0.04138 0.07850 0.99279 -0.08054
45691.19256 -85.26216 130.14816 -15.44644 -0.04155 0.07903 0.99290 -0.07858
45691.29246 -85.79180 130.05283 -15.46667 -0.04265 0.07927 0.99295 -0.07718
45691.40266 -86.30052 129.95907 -15.48675 -0.04389 0.07916 0.99302 -0.07558
45691.50251 -86.77365 129.87619 -15.50872 -0.04457 0.07914 0.99314 -0.07365
45691.60250 -87.22288 129.79673 -15.53183 -0.04497 0.07892 0.99323 -0.07241
45691.71251 -87.64265 129.71426 -15.55445 -0.04568 0.07966 0.99320 -0.07156
45691.81261 -88.03646 129.63593 -15.57162 -0.04616 0.08075 0.99312 -0.07110
45691.92267 -88.39118 129.56973 -15.58911 -0.04683 0.08125 0.99306 -0.07091
45692.02253 -88.69508 129.51767 -15.60708 -0.04752 0.08114 0.99303 -0.07109
45692.12245 -88.93974 129.47888 -15.61918 -0.04778 0.08029 0.99306 -0.07147
45692.23244 -89.16518 129.44022 -15.63201 -0.04754 0.07970 0.99304 -0.07256
45692.33244 -89.35068 129.40517 -15.64305 -0.04716 0.07882 0.99304 -0.07373
45692.44249 -89.50821 129.38449 -15.65146 -0.04685 0.07775 0.99304 -0.07499
45692.54243 -89.64319 129.36100 -15.65697 -0.04640 0.07706 0.99301 -0.07638
45692.64245 -89.80438 129.33120 -15.66525 -0.04550 0.07710 0.99295 -0.07770
45692.75243 -89.97748 129.29884 -15.67663 -0.04464 0.07766 0.99283 -0.07915
45692.85245 -90.10463 129.27871 -15.68506 -0.04477 0.07825 0.99268 -0.08031
45692.95270 -90.23023 129.26983 -15.69822 -0.04528 0.07828 0.99262 -0.08082
45693.06245 -90.35103 129.25135 -15.70696 -0.04544 0.07769 0.99257 -0.08184
45693.16245 -90.46083 129.24153 -15.71844 -0.04518 0.07700 0.99254 -0.08306
45693.27245 -90.53839 129.23933 -15.72679 -0.04490 0.07745 0.99235 -0.08505
45693.37244 -90.60866 129.23766 -15.73159 -0.04481 0.07806 0.99212 -0.08721
45693.47244 -90.66899 129.23497 -15.73499 -0.04464 0.07845 0.99186 -0.08978
45693.58249 -90.75454 129.22711 -15.74129 -0.04437 0.07786 0.99164 -0.09283
45693.68245 -90.83655 129.21255 -15.74651 -0.04407 0.07694 0.99139 -0.09637
45693.79255 -90.91020 129.19725 -15.75102 -0.04398 0.07610 0.99112 -0.09978
45693.89258 -90.98610 129.18647 -15.75618 -0.04405 0.07557 0.99086 -0.10273
45693.99251 -91.04797 129.16721 -15.75916 -0.04411 0.07510 0.99059 -0.10555
45694.10242 -91.09073 129.15878 -15.76144 -0.04402 0.07511 0.99035 -0.10781
45694.20243 -91.11709 129.15588 -15.76163 -0.04353 0.07535 0.99012 -0.10998
45694.31249 -91.13960 129.15358 -15.76496 -0.04333 0.07537 0.98997 -0.11132
45694.41253 -91.15616 129.15562 -15.76751 -0.04320 0.07541 0.98987 -0.11224
45694.51239 -91.16370 129.15367 -15.76676 -0.04298 0.07545 0.98978 -0.11315
45694.62242 -91.17004 129.15596 -15.76958 -0.04312 0.07543 0.98976 -0.11327
45694.72240 -91.17416 129.16292 -15.77195 -0.04318 0.07545 0.98978 -0.11302
45694.83241 -91.15400 129.17514 -15.77103 -0.04299 0.07585 0.98976 -0.11300
45694.93251 -91.13647 129.17916 -15.76653 -0.04262 0.07599 0.98975 -0.11313
45695.03244 -91.13002 129.17787 -15.76413 -0.04244 0.07581 0.98979 -0.11299
45695.14244 -91.13781 129.18150 -15.76741 -0.04266 0.07556 0.98985 -0.11259
45695.24238 -91.13201 129.18958 -15.76882 -0.04253 0.07557 0.98986 -0.11247
45695.35238 -91.13011 129.19241 -15.76874 -0.04260 0.07561 0.98989 -0.11222
45695.45243 -91.13289 129.19974 -15.77195 -0.04284 0.07570 0.98988 -0.11210
45695.56236 -91.12678 129.19944 -15.77108 -0.04278 0.07562 0.98989 -0.11208
45695.66236 -91.12567 129.20387 -15.77147 -0.04280 0.07560 0.98990 -0.11206
45695.76239 -91.12621 129.20692 -15.77201 -0.04287 0.07558 0.98991 -0.11190
45695.87236 -91.12207 129.21042 -15.77153 -0.04284 0.07566 0.98991 -0.11190
45695.97241 -91.12133 129.21214 -15.77128 -0.04278 0.07571 0.98991 -0.11191
45696.08237 -91.12142 129.21952 -15.77179 -0.04269 0.07584 0.98990 -0.11188
45696.18237 -91.12373 129.22183 -15.77199 -0.04267 0.07589 0.98990 -0.11189
45696.28238 -91.12469 129.22332 -15.77293 -0.04265 0.07587 0.98991 -0.11185
45696.39259 -91.12315 129.22023 -15.77279 -0.04260 0.07578 0.98992 -0.11181
45696.49240 -91.12346 129.22207 -15.77353 -0.04262 0.07571 0.98993 -0.11174
45696.60237 -91.12797 129.22211 -15.77514 -0.04267 0.07572 0.98993 -0.11172
45696.70241 -91.12515 129.22586 -15.77591 -0.04269 0.07577 0.98989 -0.11208
45696.80236 -91.12356 129.22699 -15.77611 -0.04274 0.07570 0.98985 -0.11246
45696.91246 -91.12415 129.22987 -15.77691 -0.04278 0.07577 0.98982 -0.11263
45697.01238 -91.12484 129.23272 -15.77760 -0.04288 0.07580 0.98977 -0.11298
45697.12235 -91.12309 129.23600 -15.77894 -0.04294 0.07591 0.98973 -0.11326
45697.22234 -91.11748 129.23588 -15.78098 -0.04299 0.07596 0.98971 -0.11338
45697.32237 -91.11746 129.23548 -15.78410 -0.04306 0.07609 0.98969 -0.11348
45697.43245 -91.11584 129.22893 -15.78517 -0.04313 0.07608 0.98966 -0.11370
45697.53235 -91.11717 129.22006 -15.78675 -0.04315 0.07621 0.98964 -0.11378
45697.64231 -91.11013 129.20840 -15.78643 -0.04320 0.07635 0.98961 -0.11389
45697.74231 -91.10867 129.20150 -15.78713 -0.04309 0.07637 0.98959 -0.11410
45697.84236 -91.10955 129.19852 -15.78860 -0.04310 0.07648 0.98959 -0.11408
45697.95248 -91.10640 129.19816 -15.78891 -0.04299 0.07647 0.98959 -0.11405
45698.05234 -91.10362 129.19510 -15.78881 -0.04297 0.07659 0.98958 -0.11413
45698.16236 -91.09961 129.19211 -15.78954 -0.04309 0.07671 0.98955 -0.11427
45698.26238 -91.09861 129.19029 -15.79022 -0.04310 0.07685 0.98952 -0.11437
45698.36233 -91.09877 129.18993 -15.79081 -0.04313 0.07687 0.98952 -0.11439
45698.47238 -91.09749 129.19001 -15.79130 -0.04329 0.07711 0.98948 -0.11449
45698.57232 -91.09616 129.19333 -15.79109 -0.04330 0.07708 0.98948 -0.11454
45698.68232 -91.09301 129.19476 -15.79307 -0.04333 0.07727 0.98947 -0.11443
45698.78234 -91.08771 129.19104 -15.79223 -0.04338 0.07729 0.98947 -0.11444
45698.88232 -91.08332 129.19040 -15.79128 -0.04340 0.07725 0.98950 -0.11420
45698.99237 -91.07997 129.18881 -15.79088 -0.04345 0.07735 0.98949 -0.11422
45699.09232 -91.07692 129.19289 -15.78990 -0.04359 0.07746 0.98947 -0.11425
45699.20226 -91.07197 129.19496 -15.78951 -0.04365 0.07753 0.98946 -0.11422
45699.30226 -91.06983 129.19766 -15.79029 -0.04363 0.07763 0.98946 -0.11421
45699.40247 -91.06768 129.19715 -15.78889 -0.04368 0.07761 0.98946 -0.11419
45699.51231 -91.06709 129.19857 -15.78957 -0.04375 0.07769 0.98945 -0.11419
45699.61231 -91.06436 129.19906 -15.78896 -0.04371 0.07774 0.98943 -0.11430
45699.72230 -91.06568 129.19716 -15.78978 -0.04372 0.07781 0.98943 -0.11432
45699.82236 -91.06189 129.19575 -15.78963 -0.04371 0.07778 0.98946 -0.11408
45699.92248 -91.05881 129.19896 -15.78952 -0.04379 0.07789 0.98946 -0.11397
45700.03230 -91.05981 129.20461 -15.79228 -0.04381 0.07805 0.98945 -0.11390
45700.13228 -91.05823 129.20412 -15.79263 -0.04386 0.07819 0.98938 -0.11438
45700.24229 -91.05256 129.20587 -15.79251 -0.04366 0.07826 0.98924 -0.11564
45700.34230 -91.05382 129.20318 -15.79345 -0.04344 0.07826 0.98912 -0.11674
45700.44243 -91.06737 129.20353 -15.79484 -0.04327 0.07809 0.98897 -0.11820
45700.55225 -91.07818 129.21079 -15.79753 -0.04323 0.07836 0.98868 -0.12042
45700.65231 -91.09411 129.20785 -15.79850 -0.04304 0.07837 0.98837 -0.12297
45700.76226 -91.11383 129.20296 -15.80007 -0.04295 0.07825 0.98802 -0.12589
45700.86228 -91.13566 129.20073 -15.80315 -0.04284 0.07828 0.98753 -0.12970
45700.96267 -91.15482 129.20039 -15.80270 -0.04256 0.07828 0.98697 -0.13399
45701.07231 -91.17874 129.19701 -15.80398 -0.04241 0.07828 0.98634 -0.13862
45701.17228 -91.21335 129.19405 -15.80639 -0.04218 0.07816 0.98567 -0.14340
45701.28228 -91.24098 129.18825 -15.80719 -0.04188 0.07819 0.98483 -0.14914
45701.38232 -91.27103 129.18351 -15.80864 -0.04142 0.07816 0.98388 -0.15545
45701.48230 -91.30150 129.17972 -15.80664 -0.04078 0.07823 0.98275 -0.16256
45701.59224 -91.33703 129.17442 -15.80478 -0.03978 0.07810 0.98144 -0.17057
45701.69221 -91.38884 129.16003 -15.80339 -0.03872 0.07743 0.98006 -0.17886
45701.80230 -91.45488 129.14132 -15.80906 -0.03765 0.07694 0.97851 -0.18757
45701.90247 -91.54071 129.11998 -15.81762 -0.03729 0.07693 0.97679 -0.19641
45702.00231 -91.64747 129.10185 -15.82505 -0.03728 0.07757 0.97490 -0.20535
45702.11226 -91.76528 129.06840 -15.82828 -0.03741 0.07829 0.97264 -0.21548
45702.21224 -91.89147 129.01827 -15.83143 -0.03729 0.07806 0.97012 -0.22667
45702.31240 -92.03464 128.95276 -15.83638 -0.03750 0.07746 0.96737 -0.23829
45702.42246 -92.18065 128.88853 -15.84393 -0.03789 0.07766 0.96433 -0.25021
45702.52225 -92.33709 128.83073 -15.84756 -0.03789 0.07833 0.96092 -0.26279
45702.63224 -92.51067 128.75847 -15.85602 -0.03809 0.07908 0.95707 -0.27625
45702.73224 -92.67396 128.67642 -15.85535 -0.03887 0.07967 0.95260 -0.29103
45702.83223 -92.84761 128.58615 -15.85706 -0.03886 0.08006 0.94753 -0.30702
45702.94250 -92.99460 128.48948 -15.85693 -0.03760 0.08062 0.94169 -0.32451
45703.04223 -93.15403 128.38295 -15.86120 -0.03522 0.08029 0.93512 -0.34332
45703.14225 -93.34214 128.22845 -15.86231 -0.03277 0.07979 0.92749 -0.36375
45703.25219 -93.53052 128.04483 -15.86323 -0.03071 0.08017 0.91862 -0.38571
45703.35223 -93.73013 127.83491 -15.86549 -0.02876 0.08250 0.90823 -0.40925
45703.46236 -93.94966 127.59173 -15.86183 -0.02630 0.08471 0.89700 -0.43304
45703.56225 -94.18049 127.31652 -15.85611 -0.02345 0.08596 0.88505 -0.45688
45703.66227 -94.41714 127.00504 -15.84852 -0.02118 0.08622 0.87278 -0.47997
45703.77223 -94.66901 126.66163 -15.83429 -0.01992 0.08717 0.85947 -0.50331
45703.87221 -94.90342 126.28018 -15.80798 -0.01909 0.08731 0.84562 -0.52626
45703.97229 -95.12978 125.84815 -15.77869 -0.01835 0.08632 0.83096 -0.54928
45704.08222 -95.33547 125.38131 -15.74154 -0.01882 0.08568 0.81545 -0.57215
45704.18220 -95.53292 124.89008 -15.70592 -0.01988 0.08619 0.79907 -0.59470
45704.29230 -95.70451 124.36353 -15.66200 -0.02023 0.08602 0.78197 -0.61702
45704.39239 -95.85243 123.81040 -15.61464 -0.01995 0.08534 0.76444 -0.63871
45704.49224 -95.95424 123.22413 -15.56502 -0.01928 0.08486 0.74718 -0.65890
45704.60219 -96.02762 122.63854 -15.51442 -0.01866 0.08495 0.73014 -0.67774
45704.70218 -96.08577 122.02846 -15.46055 -0.01734 0.08589 0.71398 -0.69466
45704.81232 -96.11421 121.40331 -15.39818 -0.01556 0.08600 0.69960 -0.70917
45704.91230 -96.11642 120.74837 -15.33681 -0.01359 0.08587 0.68764 -0.72083
45705.01219 -96.08641 120.05105 -15.26331 -0.01161 0.08603 0.67758 -0.73031
45705.12218 -96.03652 119.31690 -15.18539 -0.01013 0.08658 0.66944 -0.73773
45705.22223 -95.97198 118.57492 -15.09941 -0.00974 0.08694 0.66301 -0.74348
45705.33220 -95.88724 117.80836 -15.00899 -0.00916 0.08770 0.65741 -0.74835
45705.43236 -95.79149 117.02289 -14.91118 -0.00875 0.08918 0.65209 -0.75283
45705.54221 -95.68048 116.21654 -14.80712 -0.00766 0.09072 0.64680 -0.75721
45705.64220 -95.57130 115.36822 -14.69858 -0.00614 0.09140 0.64140 -0.76171
45705.74214 -95.43394 114.50542 -14.58012 -0.00423 0.09033 0.63655 -0.76591
45705.85221 -95.28349 113.61704 -14.45679 -0.00200 0.08842 0.63308 -0.76902
45705.95237 -95.10721 112.70784 -14.32940 -0.00023 0.08705 0.63094 -0.77093
45706.06225 -94.92223 111.76331 -14.20109 0.00076 0.08645 0.62973 -0.77199
45706.16214 -94.72261 110.80044 -14.06640 0.00096 0.08602 0.62940 -0.77230
45706.27219 -94.52106 109.81040 -13.92718 0.00075 0.08581 0.62885 -0.77278
45706.37218 -94.32228 108.79738 -13.78611 0.00046 0.08598 0.62762 -0.77376
45706.47224 -94.11444 107.77291 -13.64112 0.00007 0.08619 0.62591 -0.77512
45706.58219 -93.89978 106.75620 -13.49454 0.00032 0.08621 0.62419 -0.77650
45706.68220 -93.67972 105.72796 -13.34868 0.00059 0.08613 0.62231 -0.77802
45706.79232 -93.45346 104.69552 -13.19750 0.00129 0.08503 0.62046 -0.77961
45706.89241 -93.22458 103.64541 -13.04498 0.00073 0.08430 0.61829 -0.78142
45706.99236 -92.98262 102.57554 -12.88796 0.00010 0.08297 0.61609 -0.78329
45707.10219 -92.72640 101.48342 -12.72590 -0.00085 0.08211 0.61403 -0.78500
45707.20219 -92.46408 100.38598 -12.57428 -0.00053 0.08209 0.61329 -0.78558
45707.31230 -92.18914 99.25185 -12.41083 0.00077 0.08205 0.61311 -0.78573
45707.41231 -91.90352 98.10855 -12.25063 0.00092 0.08198 0.61339 -0.78551
45707.51215 -91.61449 96.95064 -12.08378 0.00004 0.08135 0.61343 -0.78555
45707.62221 -91.33121 95.79161 -11.91330 -0.00084 0.08060 0.61352 -0.78555
45707.72215 -91.05053 94.63048 -11.74359 -0.00120 0.07992 0.61377 -0.78543
45707.83218 -90.77560 93.49532 -11.57937 -0.00132 0.07944 0.61378 -0.78547
45707.93228 -90.49917 92.35581 -11.41567 -0.00162 0.07942 0.61374 -0.78550
45708.03218 -90.22697 91.22653 -11.25001 -0.00154 0.08001 0.61383 -0.78538
45708.14214 -89.94757 90.07618 -11.08254 -0.00124 0.08068 0.61387 -0.78527
45708.24216 -89.66390 88.93225 -10.91652 -0.00072 0.08056 0.61403 -0.78516
45708.35212 -89.38128 87.78133 -10.74630 -0.00080 0.07918 0.61405 -0.78529
45708.45221 -89.09019 86.61334 -10.57738 -0.00151 0.07855 0.61414 -0.78528
45708.55215 -88.80548 85.46151 -10.41311 -0.00154 0.07897 0.61430 -0.78511
45708.66216 -88.52906 84.31666 -10.24878 -0.00109 0.07970 0.61372 -0.78549
45708.76209 -88.25546 83.18962 -10.07864 -0.00042 0.07962 0.61359 -0.78560
45708.87218 -87.98057 82.06308 -9.91439 -0.00021 0.07815 0.61367 -0.78569
45708.97220 -87.69426 80.93889 -9.75385 -0.00070 0.07632 0.61340 -0.78608
45709.07217 -87.40418 79.83410 -9.59560 -0.00071 0.07496 0.61322 -0.78635
45709.18219 -87.12367 78.72955 -9.44582 0.00084 0.07406 0.61286 -0.78671
45709.28213 -86.83846 77.61758 -9.29623 0.00116 0.07452 0.61224 -0.78715
45709.39233 -86.56017 76.52496 -9.14079 0.00142 0.07416 0.61187 -0.78747
45709.49217 -86.27783 75.41218 -8.98611 0.00156 0.07348 0.61177 -0.78762
45709.59216 -86.00254 74.30520 -8.83860 0.00123 0.07295 0.61152 -0.78786
45709.70209 -85.72412 73.19113 -8.68348 0.00076 0.07339 0.61123 -0.78804
45709.80212 -85.44436 72.08933 -8.52786 0.00041 0.07475 0.61079 -0.78825
45709.91214 -85.16991 70.98964 -8.37503 -0.00020 0.07579 0.61037 -0.78849
45710.01211 -84.88674 69.87744 -8.21260 -0.00086 0.07609 0.60963 -0.78902
45710.11209 -84.61619 68.77796 -8.06083 -0.00119 0.07555 0.60866 -0.78982
45710.22209 -84.33046 67.70185 -7.90906 -0.00153 0.07528 0.60723 -0.79095
45710.32209 -84.05070 66.62403 -7.75911 -0.00103 0.07435 0.60602 -0.79197
45710.42223 -83.76748 65.55538 -7.61503 0.00032 0.07386 0.60483 -0.79292
45710.53211 -83.47535 64.48868 -7.47402 0.00153 0.07399 0.60354 -0.79389
45710.63207 -83.18433 63.43550 -7.32766 0.00164 0.07401 0.60225 -0.79487
45710.74213 -82.89240 62.37840 -7.17384 0.00112 0.07363 0.60138 -0.79557
45710.84207 -82.59759 61.32252 -7.02645 0.00099 0.07336 0.60056 -0.79621
45710.94214 -82.29858 60.28574 -6.88252 0.00094 0.07295 0.60012 -0.79657
45711.05208 -82.00528 59.25218 -6.73834 0.00130 0.07222 0.59946 -0.79714
45711.15207 -81.70681 58.21411 -6.59536 0.00217 0.07134 0.59894 -0.79761
45711.26208 -81.41078 57.18285 -6.45329 0.00234 0.07071 0.59895 -0.79766
45711.36206 -81.11845 56.17724 -6.31473 0.00316 0.07025 0.59918 -0.79752
45711.46234 -80.83069 55.16467 -6.17373 0.00343 0.06994 0.59957 -0.79725
45711.57207 -80.53537 54.15290 -6.03172 0.00381 0.06957 0.60007 -0.79691
45711.67206 -80.23530 53.12249 -5.89011 0.00371 0.07012 0.60056 -0.79649
45711.77208 -79.94335 52.08632 -5.74565 0.00291 0.07115 0.60090 -0.79615
45711.88206 -79.64603 51.05885 -5.59919 0.00221 0.07205 0.60154 -0.79559
45711.98208 -79.35052 50.01639 -5.45340 0.00137 0.07227 0.60205 -0.79518
45712.09209 -79.05707 48.97611 -5.30655 0.00064 0.07184 0.60269 -0.79474
45712.19212 -78.76477 47.92993 -5.16410 0.00041 0.07120 0.60346 -0.79421
45712.29221 -78.49385 46.90618 -5.02783 0.00082 0.07069 0.60408 -0.79378
45712.40211 -78.21917 45.86645 -4.89084 0.00206 0.07037 0.60472 -0.79332
45712.50215 -77.94608 44.85629 -4.75815 0.00264 0.07113 0.60526 -0.79284
45712.61202 -77.67043 43.82871 -4.62121 0.00346 0.07192 0.60561 -0.79250
45712.71204 -77.38940 42.81370 -4.48227 0.00398 0.07258 0.60609 -0.79207
45712.81219 -77.11134 41.79753 -4.34048 0.00421 0.07265 0.60617 -0.79200
45712.92221 -76.83715 40.77384 -4.19671 0.00416 0.07186 0.60647 -0.79184
45713.02207 -76.56283 39.75859 -4.05261 0.00368 0.07087 0.60610 -0.79221
45713.12204 -76.28684 38.74485 -3.90931 0.00425 0.06943 0.60589 -0.79250
45713.23203 -76.00181 37.73755 -3.76786 0.00511 0.06784 0.60539 -0.79302
45713.33202 -75.72196 36.72559 -3.62743 0.00663 0.06655 0.60515 -0.79330
45713.44207 -75.44676 35.71777 -3.49342 0.00809 0.06566 0.60497 -0.79349
45713.54201 -75.16235 34.68669 -3.35319 0.00980 0.06456 0.60455 -0.79389
45713.64203 -74.88551 33.67389 -3.21477 0.01082 0.06458 0.60392 -0.79435
45713.75200 -74.60859 32.66970 -3.07611 0.01193 0.06438 0.60362 -0.79458
45713.85200 -74.33910 31.65843 -2.93559 0.01241 0.06442 0.60273 -0.79525
45713.96229 -74.06390 30.63606 -2.79690 0.01084 0.06301 0.60217 -0.79580
45714.06201 -73.78105 29.61997 -2.65683 0.00884 0.06141 0.60154 -0.79643
45714.16200 -73.50264 28.62966 -2.52962 0.00711 0.06217 0.60106 -0.79675
45714.27200 -73.21887 27.63793 -2.39759 0.00722 0.06427 0.60015 -0.79727
45714.37199 -72.93015 26.65216 -2.26763 0.00795 0.06540 0.59977 -0.79745
45714.47204 -72.64297 25.66459 -2.12770 0.00947 0.06515 0.59945 -0.79770
45714.58207 -72.35183 24.67268 -1.99387 0.00957 0.06515 0.59890 -0.79811
45714.68199 -72.05761 23.69184 -1.85716 0.00930 0.06532 0.59841 -0.79847
45714.79216 -71.77119 22.70286 -1.71419 0.00917 0.06649 0.59823 -0.79851
45714.89212 -71.48017 21.71897 -1.57717 0.00901 0.06815 0.59810 -0.79847
45714.99210 -71.19007 20.72226 -1.43243 0.00867 0.06864 0.59807 -0.79845
45715.10198 -70.90196 19.74713 -1.29494 0.00794 0.06829 0.59835 -0.79828
45715.20200 -70.62390 18.79659 -1.15921 0.00636 0.06747 0.59847 -0.79828
45715.31216 -70.34729 17.84401 -1.02425 0.00579 0.06704 0.59878 -0.79808
45715.41222 -70.06949 16.90287 -0.89675 0.00627 0.06705 0.59904 -0.79788
45715.51203 -69.79071 15.96978 -0.76862 0.00743 0.06669 0.59944 -0.79761
45715.62197 -69.50823 15.02156 -0.64417 0.00761 0.06616 0.59978 -0.79739
45715.72198 -69.23834 14.09702 -0.51627 0.00721 0.06541 0.60015 -0.79718
45715.83197 -68.96571 13.15995 -0.38910 0.00645 0.06519 0.60052 -0.79692
45715.93223 -68.70636 12.23926 -0.26297 0.00580 0.06541 0.60054 -0.79689
45716.03197 -68.44395 11.31102 -0.14059 0.00564 0.06540 0.60068 -0.79679
45716.14202 -68.17792 10.37940 -0.01245 0.00590 0.06498 0.60085 -0.79669
45716.24196 -67.92095 9.46328 0.10909 0.00638 0.06366 0.60099 -0.79669
45716.35197 -67.65930 8.56533 0.22920 0.00661 0.06308 0.60137 -0.79645
45716.45199 -67.40224 7.67380 0.34533 0.00708 0.06244 0.60151 -0.79639
45716.55197 -67.13799 6.78399 0.46553 0.00715 0.06144 0.60120 -0.79670
45716.66195 -66.87958 5.91705 0.58018 0.00744 0.06007 0.60130 -0.79673
45716.76196 -66.63172 5.07853 0.68811 0.00716 0.06017 0.60045 -0.79737
45716.86201 -66.40056 4.27201 0.79005 0.00779 0.06036 0.59964 -0.79795
45716.97202 -66.17193 3.47622 0.89052 0.00847 0.06039 0.59852 -0.79878
45717.07195 -65.94326 2.70397 0.98983 0.00935 0.05971 0.59702 -0.79995
45717.18196 -65.72092 1.95373 1.08583 0.01056 0.05909 0.59548 -0.80112
45717.28195 -65.50001 1.21889 1.18628 0.01108 0.05921 0.59313 -0.80285
45717.38196 -65.28269 0.50626 1.27900 0.01140 0.05995 0.59047 -0.80475
45717.49206 -65.07119 -0.17392 1.36931 0.01151 0.06095 0.58713 -0.80711
45717.59201 -64.86507 -0.84123 1.46593 0.01176 0.06137 0.58311 -0.80998
45717.70200 -64.65076 -1.46632 1.55494 0.01238 0.06129 0.57853 -0.81326
45717.80193 -64.43265 -2.07351 1.64322 0.01273 0.06121 0.57375 -0.81664
45717.90217 -64.21756 -2.65868 1.72355 0.01288 0.06091 0.56817 -0.82056
45718.01195 -64.00035 -3.23025 1.80739 0.01250 0.06020 0.56184 -0.82496
45718.11192 -63.78504 -3.77229 1.88665 0.01331 0.05967 0.55499 -0.82961
45718.22191 -63.56814 -4.28623 1.96011 0.01533 0.05888 0.54737 -0.83467
45718.32195 -63.35479 -4.77266 2.02904 0.01721 0.05811 0.53909 -0.84007
45718.42215 -63.12201 -5.24972 2.09232 0.01761 0.05780 0.52992 -0.84589
45718.53193 -62.87772 -5.73789 2.16194 0.01862 0.05705 0.52019 -0.85194
45718.63193 -62.63843 -6.20469 2.23142 0.02009 0.05611 0.51032 -0.85792
45718.73192 -62.37878 -6.65666 2.29897 0.02118 0.05569 0.49903 -0.86453
45718.84190 -62.11477 -7.08461 2.36126 0.02299 0.05557 0.48579 -0.87201
45718.94207 -61.83792 -7.49922 2.42659 0.02424 0.05626 0.47071 -0.88016
45719.05191 -61.56771 -7.89221 2.48700 0.02547 0.05615 0.45379 -0.88897
45719.15191 -61.29482 -8.30223 2.55076 0.02536 0.05572 0.43441 -0.89863
45719.25190 -61.01080 -8.68883 2.62354 0.02494 0.05381 0.41262 -0.90897
45719.36189 -60.71039 -9.03529 2.69788 0.02664 0.05100 0.38944 -0.91925
45719.46208 -60.39406 -9.35729 2.76176 0.03001 0.04903 0.36619 -0.92876
45719.56191 -60.06162 -9.65342 2.81127 0.03228 0.04851 0.34211 -0.93785
45719.67190 -59.72454 -9.91413 2.84797 0.03264 0.04906 0.31669 -0.94670
45719.77190 -59.36625 -10.17619 2.91028 0.03269 0.04851 0.29189 -0.95466
45719.87188 -59.00915 -10.40937 2.97482 0.03539 0.04546 0.26745 -0.96185
45719.98199 -58.62572 -10.61010 3.02737 0.04012 0.04169 0.24327 -0.96823
45720.08190 -58.22101 -10.79309 3.06387 0.04351 0.03865 0.21853 -0.97409
45720.19194 -57.81661 -10.97615 3.10062 0.04425 0.03505 0.19328 -0.97952
45720.29193 -57.41298 -11.13982 3.15054 0.04319 0.03077 0.16822 -0.98432
45720.39200 -56.99098 -11.25502 3.20628 0.04508 0.02553 0.14352 -0.98829
45720.50202 -56.56045 -11.36584 3.24764 0.05059 0.02065 0.11878 -0.99142
45720.60204 -56.12112 -11.45453 3.26706 0.05257 0.01861 0.09387 -0.99402
45720.71188 -55.69449 -11.52673 3.28056 0.05341 0.01802 0.06954 -0.99599
45720.81206 -55.28161 -11.56895 3.29827 0.05369 0.01726 0.04728 -0.99729
45720.91196 -54.84336 -11.60022 3.32206 0.05433 0.01636 0.02715 -0.99802
45721.02190 -54.37018 -11.61032 3.34127 0.05668 0.01538 0.00857 -0.99824
45721.12189 -53.89897 -11.60172 3.34843 0.05953 0.01493 -0.00840 -0.99808
45721.23190 -53.45119 -11.59359 3.36408 0.06039 0.01423 -0.02260 -0.99782
45721.33190 -52.96380 -11.56657 3.38554 0.06074 0.01296 -0.03378 -0.99750
45721.43211 -52.46023 -11.51881 3.39568 0.06073 0.01215 -0.04412 -0.99710
45721.54193 -51.96208 -11.46745 3.40902 0.05993 0.01180 -0.05351 -0.99670
45721.64186 -51.45601 -11.41211 3.42753 0.05930 0.01195 -0.06122 -0.99629
45721.75188 -50.92569 -11.33808 3.44263 0.05936 0.01198 -0.06853 -0.99581
45721.85186 -50.37537 -11.26173 3.45498 0.06004 0.01198 -0.07555 -0.99526
45721.96224 -49.81381 -11.16708 3.46591 0.06021 0.01174 -0.08233 -0.99472
45722.06187 -49.23762 -11.06726 3.47811 0.06000 0.01133 -0.08912 -0.99415
45722.16187 -48.64879 -10.95615 3.49005 0.05927 0.01088 -0.09585 -0.99357
45722.27186 -48.04684 -10.83556 3.50514 0.05920 0.01047 -0.10206 -0.99296
45722.37189 -47.43650 -10.70929 3.51758 0.05973 0.01087 -0.10748 -0.99235
45722.48190 -46.81275 -10.56471 3.52488 0.06000 0.01122 -0.11177 -0.99186
45722.58185 -46.16131 -10.40744 3.53296 0.06026 0.01135 -0.11499 -0.99147
45722.68187 -45.49537 -10.23160 3.54111 0.06010 0.01120 -0.11713 -0.99123
45722.79201 -44.81141 -10.04991 3.54872 0.05997 0.01111 -0.11853 -0.99108
45722.89200 -44.12432 -9.86974 3.55536 0.06033 0.01082 -0.11959 -0.99093
45723.00186 -43.41154 -9.67935 3.56944 0.05953 0.00997 -0.12078 -0.99084
45723.10187 -42.69109 -9.48660 3.58261 0.05925 0.00892 -0.12238 -0.99067
45723.21182 -41.96071 -9.29832 3.59542 0.05882 0.00766 -0.12405 -0.99050
45723.31197 -41.23090 -9.10415 3.60988 0.05899 0.00664 -0.12609 -0.99024
45723.41195 -40.50283 -8.90902 3.62146 0.05873 0.00564 -0.12814 -0.99000
45723.52181 -39.77128 -8.71311 3.63471 0.05811 0.00489 -0.13005 -0.98979
45723.62186 -39.03623 -8.52654 3.64433 0.05763 0.00458 -0.13182 -0.98959
45723.73184 -38.30489 -8.32808 3.65054 0.05730 0.00430 -0.13397 -0.98932
45723.83187 -37.56986 -8.11998 3.65055 0.05691 0.00449 -0.13598 -0.98907
45723.93203 -36.84986 -7.90202 3.65384 0.05698 0.00430 -0.13793 -0.98879
45724.04183 -36.12939 -7.68412 3.65899 0.05703 0.00405 -0.13911 -0.98863
45724.14184 -35.42172 -7.46625 3.66698 0.05708 0.00400 -0.13999 -0.98850
45724.25180 -34.71426 -7.25455 3.67167 0.05795 0.00406 -0.14047 -0.98838
45724.35185 -34.00259 -7.03818 3.67647 0.05834 0.00373 -0.14055 -0.98835
45724.45186 -33.29919 -6.82919 3.67937 0.05811 0.00341 -0.14092 -0.98831
45724.56186 -32.58810 -6.60953 3.67921 0.05917 0.00323 -0.14107 -0.98822
45724.66188 -31.89053 -6.39428 3.68287 0.05940 0.00275 -0.14154 -0.98815
45724.77184 -31.18664 -6.17569 3.68292 0.05948 0.00232 -0.14203 -0.98807
45724.87184 -30.48352 -5.96082 3.68292 0.05963 0.00237 -0.14232 -0.98802
45724.97188 -29.78044 -5.74579 3.68451 0.06026 0.00268 -0.14243 -0.98797
45725.08180 -29.08481 -5.53562 3.68514 0.06038 0.00292 -0.14236 -0.98797
45725.18180 -28.38335 -5.32598 3.68922 0.06008 0.00303 -0.14192 -0.98805
45725.28183 -27.69477 -5.11877 3.69847 0.06015 0.00297 -0.14169 -0.98808
45725.39204 -27.00721 -4.90469 3.70506 0.06054 0.00316 -0.14129 -0.98811
45725.49202 -26.33956 -4.69628 3.70688 0.05997 0.00269 -0.14086 -0.98821
45725.60181 -25.67154 -4.48546 3.71583 0.06013 0.00210 -0.14057 -0.98824
45725.70179 -25.01506 -4.28577 3.71517 0.06178 0.00136 -0.14007 -0.98821
45725.80182 -24.36814 -4.08468 3.71561 0.06213 0.00137 -0.13973 -0.98824
45725.91197 -23.72598 -3.88607 3.72191 0.06095 0.00232 -0.14014 -0.98825
45726.01183 -23.10462 -3.69840 3.72644 0.06017 0.00340 -0.14040 -0.98826
45726.12179 -22.50471 -3.51675 3.73042 0.06171 0.00499 -0.14058 -0.98813
45726.22183 -21.88648 -3.32738 3.73510 0.06326 0.00585 -0.14082 -0.98800
45726.32175 -21.27952 -3.14846 3.74169 0.06400 0.00631 -0.14070 -0.98796
45726.43189 -20.67603 -2.97212 3.74816 0.06460 0.00673 -0.14062 -0.98793
45726.53177 -20.08812 -2.79787 3.75663 0.06498 0.00716 -0.14070 -0.98789
45726.64175 -19.51148 -2.62178 3.76426 0.06588 0.00752 -0.14086 -0.98781
45726.74178 -18.93659 -2.44119 3.77213 0.06705 0.00798 -0.14096 -0.98771
45726.84181 -18.35757 -2.27224 3.78292 0.06814 0.00810 -0.14102 -0.98763
45726.95192 -17.79736 -2.10727 3.79593 0.06881 0.00789 -0.14136 -0.98753
45727.05179 -17.22364 -1.93405 3.80927 0.06915 0.00755 -0.14182 -0.98745
45727.16175 -16.65057 -1.75707 3.82101 0.06944 0.00747 -0.14210 -0.98738
45727.26176 -16.08150 -1.57864 3.83238 0.06960 0.00757 -0.14294 -0.98725
45727.36176 -15.51959 -1.39873 3.84253 0.06950 0.00770 -0.14415 -0.98708
45727.47182 -14.95810 -1.21985 3.85109 0.06902 0.00787 -0.14493 -0.98700
45727.57177 -14.40682 -1.05110 3.86074 0.06997 0.00803 -0.14593 -0.98679
45727.68176 -13.86134 -0.88192 3.86487 0.07067 0.00813 -0.14710 -0.98656
45727.78184 -13.32583 -0.71176 3.87206 0.07123 0.00817 -0.14823 -0.98635
45727.88181 -12.77262 -0.53558 3.88550 0.07254 0.00810 -0.14944 -0.98607
45727.99186 -12.23239 -0.36451 3.88938 0.07290 0.00795 -0.15079 -0.98584
45728.09188 -11.68999 -0.19176 3.89490 0.07335 0.00759 -0.15192 -0.98564
45728.20175 -11.14797 -0.01030 3.90244 0.07418 0.00704 -0.15263 -0.98547
45728.30173 -10.61253 0.16928 3.90444 0.07470 0.00648 -0.15381 -0.98525
45728.40197 -10.08289 0.34426 3.90856 0.07554 0.00642 -0.15464 -0.98506
45728.51172 -9.56253 0.51700 3.91246 0.07591 0.00650 -0.15516 -0.98495
45728.61172 -9.07160 0.68874 3.91500 0.07683 0.00667 -0.15528 -0.98486
45728.72171 -8.57637 0.86201 3.91780 0.07824 0.00694 -0.15515 -0.98476
45728.82173 -8.09487 1.02736 3.92136 0.07898 0.00721 -0.15441 -0.98482
45728.92195 -7.61820 1.18599 3.92617 0.07994 0.00753 -0.15385 -0.98483
45729.03174 -7.15717 1.34267 3.92840 0.08002 0.00770 -0.15307 -0.98494
45729.13171 -6.70498 1.49340 3.93276 0.08077 0.00809 -0.15249 -0.98496
45729.24174 -6.28411 1.63989 3.94024 0.08176 0.00868 -0.15184 -0.98498
45729.34176 -5.86294 1.77929 3.94612 0.08227 0.00885 -0.15174 -0.98495
45729.44182 -5.45064 1.90975 3.95140 0.08259 0.00895 -0.15128 -0.98499
45729.55171 -5.05779 2.03790 3.95616 0.08231 0.00897 -0.15083 -0.98509
45729.65166 -4.66426 2.16886 3.96161 0.08189 0.00878 -0.15036 -0.98519
45729.76169 -4.29738 2.27883 3.96679 0.08186 0.00863 -0.15046 -0.98518
45729.86166 -3.95103 2.39275 3.96969 0.08133 0.00811 -0.15025 -0.98526
45729.96208 -3.61576 2.49800 3.97214 0.08176 0.00755 -0.14992 -0.98528
45730.07168 -3.29546 2.60061 3.97227 0.08201 0.00718 -0.14994 -0.98526
45730.17169 -3.00803 2.69625 3.97169 0.08187 0.00714 -0.14948 -0.98534
45730.28167 -2.73009 2.77966 3.97723 0.08225 0.00768 -0.14931 -0.98533
45730.38167 -2.46547 2.85911 3.97988 0.08268 0.00804 -0.14928 -0.98530
45730.48172 -2.22250 2.93620 3.98477 0.08298 0.00834 -0.14916 -0.98529
45730.59183 -2.00356 3.00234 3.98907 0.08326 0.00862 -0.14940 -0.98523
45730.69183 -1.77519 3.07278 3.99080 0.08309 0.00909 -0.14966 -0.98520
45730.79180 -1.53991 3.14750 3.99455 0.08276 0.01002 -0.14998 -0.98517
45730.90208 -1.32749 3.21492 3.99674 0.08267 0.01075 -0.15002 -0.98516
45731.00170 -1.12180 3.28521 3.99967 0.08302 0.01103 -0.15004 -0.98513
45731.11169 -0.92483 3.34938 4.00324 0.08360 0.01104 -0.14993 -0.98509
45731.21165 -0.72448 3.41165 4.00825 0.08383 0.01086 -0.14986 -0.98509
45731.31181 -0.53143 3.47443 4.01375 0.08416 0.01079 -0.14972 -0.98508
45731.42170 -0.33369 3.53518 4.01715 0.08458 0.01065 -0.14964 -0.98506
45731.52166 -0.13479 3.59969 4.02116 0.08486 0.01057 -0.14987 -0.98500
45731.63164 0.05615 3.66017 4.02299 0.08461 0.01047 -0.14970 -0.98505
45731.73165 0.24831 3.72151 4.02657 0.08478 0.01043 -0.15027 -0.98495
45731.83164 0.43521 3.77703 4.02814 0.08522 0.01034 -0.15159 -0.98471
45731.94171 0.61370 3.83148 4.03094 0.08550 0.01004 -0.15389 -0.98433
45732.04164 0.79480 3.89203 4.03143 0.08536 0.00965 -0.15647 -0.98394
45732.15165 0.96161 3.95373 4.03512 0.08603 0.00953 -0.16008 -0.98330
45732.25164 1.12196 4.01533 4.03517 0.08703 0.00944 -0.16356 -0.98264
45732.35163 1.28157 4.07676 4.03617 0.08795 0.00923 -0.16627 -0.98211
45732.46191 1.45098 4.13606 4.03358 0.08854 0.00925 -0.16853 -0.98167
45732.56163 1.63435 4.20250 4.03170 0.08785 0.00904 -0.17071 -0.98136
45732.67165 1.82047 4.26700 4.03334 0.08706 0.00863 -0.17313 -0.98101
45732.77163 1.99549 4.33294 4.03335 0.08744 0.00857 -0.17482 -0.98067
45732.87163 2.18518 4.40958 4.03283 0.08817 0.00854 -0.17609 -0.98038
45732.98166 2.37117 4.48511 4.03216 0.08870 0.00878 -0.17617 -0.98032
45733.08166 2.54095 4.55297 4.02902 0.08844 0.00890 -0.17596 -0.98038
45733.19167 2.72751 4.63005 4.02734 0.08813 0.00885 -0.17548 -0.98049
45733.29168 2.91465 4.70513 4.02381 0.08782 0.00879 -0.17481 -0.98064
45733.39183 3.10770 4.77932 4.02167 0.08767 0.00877 -0.17377 -0.98084
45733.50168 3.29003 4.84804 4.01856 0.08777 0.00886 -0.17277 -0.98100
45733.60165 3.47186 4.91678 4.02101 0.08777 0.00900 -0.17165 -0.98120
45733.71166 3.64851 4.98472 4.02187 0.08771 0.00907 -0.17032 -0.98144
45733.81180 3.80963 5.04984 4.01959 0.08798 0.00915 -0.16896 -0.98165
45733.91184 3.96974 5.11175 4.01623 0.08821 0.00929 -0.16743 -0.98189
45734.02165 4.14278 5.17527 4.01430 0.08827 0.00951 -0.16530 -0.98224
45734.12161 4.31200 5.23755 4.01547 0.08851 0.00984 -0.16352 -0.98251
45734.23162 4.47915 5.29651 4.01713 0.08819 0.01062 -0.16142 -0.98288
45734.33163 4.67859 5.36437 4.01594 0.08798 0.01146 -0.15938 -0.98322
45734.43184 4.88587 5.43986 4.01609 0.08789 0.01174 -0.15722 -0.98358
45734.54161 5.08935 5.50468 4.01838 0.08777 0.01177 -0.15491 -0.98395
45734.64160 5.31611 5.57505 4.01868 0.08767 0.01190 -0.15254 -0.98433
45734.75162 5.55008 5.64515 4.02144 0.08741 0.01182 -0.15017 -0.98472
45734.85164 5.80365 5.71977 4.02427 0.08693 0.01134 -0.14757 -0.98516
45734.95184 6.06542 5.79785 4.03101 0.08705 0.01099 -0.14529 -0.98549
45735.06163 6.32849 5.87713 4.03445 0.08682 0.01078 -0.14304 -0.98584
45735.16161 6.59962 5.96175 4.03921 0.08732 0.01068 -0.14107 -0.98608
45735.27158 6.88775 6.04487 4.04324 0.08772 0.01045 -0.13922 -0.98631
45735.37157 7.17944 6.13476 4.04584 0.08779 0.01011 -0.13749 -0.98655
45735.47160 7.47994 6.23329 4.04198 0.08738 0.01017 -0.13622 -0.98677
45735.58165 7.78989 6.32599 4.04533 0.08647 0.01105 -0.13525 -0.98697
45735.68160 8.11588 6.42268 4.04751 0.08601 0.01202 -0.13466 -0.98708
45735.79175 8.46411 6.52168 4.05439 0.08634 0.01297 -0.13424 -0.98710
45735.89181 8.81758 6.61937 4.06046 0.08785 0.01300 -0.13333 -0.98709
45735.99162 9.18178 6.72402 4.06244 0.08969 0.01300 -0.13098 -0.98723
45736.10158 9.54242 6.82027 4.05591 0.08834 0.01290 -0.12729 -0.98784
45736.20162 9.90529 6.91262 4.05363 0.08473 0.01285 -0.12383 -0.98860
45736.30164 10.28641 7.00269 4.07285 0.08098 0.01359 -0.12210 -0.98911
45736.41172 10.65234 7.09347 4.09353 0.07957 0.01469 -0.12323 -0.98907
45736.51162 10.99622 7.19156 4.10455 0.08063 0.01512 -0.12887 -0.98826
45736.62156 11.33575 7.29471 4.11135 0.08281 0.01598 -0.13719 -0.98695
45736.72158 11.65832 7.39671 4.10769 0.08582 0.01681 -0.14600 -0.98541
45736.82155 11.99353 7.50266 4.10192 0.08612 0.01654 -0.15514 -0.98399
45736.93177 12.31848 7.61026 4.10361 0.08457 0.01445 -0.16662 -0.98228
45737.03156 12.65088 7.73768 4.12142 0.08542 0.01106 -0.17833 -0.98019
45737.13158 12.96923 7.87843 4.13003 0.08815 0.00681 -0.19081 -0.97764
45737.24166 13.27766 8.02090 4.12866 0.09073 0.00425 -0.20396 -0.97476
45737.34156 13.58175 8.17430 4.11796 0.09212 0.00225 -0.21702 -0.97181
45737.45187 13.88820 8.32719 4.11108 0.09247 -0.00022 -0.22869 -0.96910
45737.55159 14.17359 8.48405 4.10823 0.09255 -0.00260 -0.23894 -0.96661
45737.65153 14.44888 8.64815 4.10557 0.09498 -0.00452 -0.24598 -0.96460
45737.76159 14.72182 8.82229 4.09353 0.09807 -0.00564 -0.25000 -0.96325
45737.86161 14.99117 8.98258 4.07594 0.10017 -0.00649 -0.25064 -0.96286
45737.97173 15.26338 9.13389 4.05611 0.10062 -0.00620 -0.24833 -0.96341
45738.07156 15.53435 9.29027 4.03851 0.09968 -0.00613 -0.24483 -0.96441
45738.17153 15.79519 9.43528 4.02368 0.09699 -0.00736 -0.24088 -0.96567
45738.28155 16.02806 9.55603 4.02443 0.09624 -0.00845 -0.23615 -0.96690
45738.38154 16.21593 9.66265 4.01519 0.09680 -0.00849 -0.23081 -0.96813
45738.49159 16.37335 9.74611 4.00864 0.09700 -0.00786 -0.22591 -0.96928
45738.59155 16.50930 9.80351 4.00003 0.09690 -0.00703 -0.22120 -0.97038
45738.69153 16.62633 9.84908 3.99723 0.09569 -0.00632 -0.21737 -0.97137
45738.80152 16.70744 9.87832 3.99910 0.09509 -0.00583 -0.21496 -0.97197
45738.90160 16.75410 9.89892 3.99839 0.09537 -0.00532 -0.21277 -0.97242
45739.01155 16.77950 9.91098 3.99704 0.09552 -0.00459 -0.21177 -0.97263
45739.11153 16.78372 9.90997 3.99537 0.09568 -0.00445 -0.21169 -0.97263
45739.21149 16.76957 9.90130 4.00050 0.09594 -0.00383 -0.21174 -0.97260
45739.32151 16.76593 9.90056 4.00433 0.09568 -0.00168 -0.21193 -0.97259
45739.42179 16.76626 9.89246 4.00605 0.09535 -0.00019 -0.21234 -0.97253
45739.53151 16.76895 9.88939 4.00300 0.09534 -0.00049 -0.21232 -0.97254
45739.63151 16.78058 9.89435 4.00269 0.09542 -0.00097 -0.21216 -0.97257
45739.73148 16.78939 9.89665 4.00380 0.09571 -0.00112 -0.21207 -0.97256
45739.84151 16.79656 9.90054 4.00285 0.09585 -0.00157 -0.21171 -0.97262
45739.94161 16.79907 9.90120 4.00225 0.09585 -0.00165 -0.21148 -0.97267
45740.05150 16.80350 9.90149 4.00182 0.09592 -0.00180 -0.21141 -0.97268
45740.15150 16.81159 9.90526 4.00093 0.09614 -0.00217 -0.21112 -0.97272
45740.25148 16.82006 9.91432 3.99970 0.09621 -0.00248 -0.21115 -0.97270
45740.36151 16.82157 9.91748 3.99896 0.09630 -0.00252 -0.21120 -0.97268
45740.46173 16.82439 9.91874 3.99762 0.09626 -0.00258 -0.21112 -0.97271
45740.57147 16.83024 9.92490 3.99714 0.09645 -0.00267 -0.21122 -0.97266
