45625.19395 0.00000 0.00000 0.00000 0.00000 0.00000 0.00000 1.00000
45625.29792 0.08283 0.00083 0.00017 0.00020 -0.00008 0.00116 1.00000
45625.40189 0.16119 0.00166 0.00001 0.00020 -0.00022 0.00278 1.00000
45625.50585 0.24979 0.00284 -0.00024 -0.00001 -0.00039 0.00498 0.99999
45625.60978 0.33292 0.00419 -0.00016 -0.00038 -0.00047 0.00741 0.99997
45625.71370 0.41844 0.00630 0.00047 -0.00059 -0.00035 0.01032 0.99995
45625.81766 0.51489 0.00993 0.00110 -0.00091 -0.00022 0.01387 0.99990
45625.92158 0.60542 0.01355 0.00095 -0.00101 -0.00032 0.01744 0.99985
45626.02545 0.70912 0.01843 -0.00069 -0.00129 -0.00095 0.02173 0.99976
45626.12927 0.81163 0.02503 -0.00290 -0.00139 -0.00169 0.02708 0.99963
45626.23309 0.92394 0.03362 -0.00456 -0.00130 -0.00212 0.03366 0.99943
45626.33687 1.05971 0.04552 -0.00575 -0.00133 -0.00230 0.04139 0.99914
45626.44061 1.19453 0.06061 -0.00559 -0.00091 -0.00227 0.05004 0.99874
45626.54432 1.35394 0.08232 -0.00460 0.00007 -0.00237 0.05996 0.99820
45626.64810 1.50708 0.10572 -0.00231 0.00044 -0.00253 0.07051 0.99751
45626.75182 1.66680 0.13154 -0.00090 -0.00062 -0.00310 0.08199 0.99663
45626.85556 1.84879 0.16217 0.00110 -0.00276 -0.00444 0.09495 0.99547
45626.95928 2.02101 0.19582 0.00564 -0.00479 -0.00524 0.10789 0.99414
45627.06301 2.19689 0.23870 0.00939 -0.00547 -0.00557 0.12215 0.99248
45627.16670 2.39564 0.29452 0.01348 -0.00622 -0.00584 0.13830 0.99035
45627.27036 2.58130 0.34967 0.01774 -0.00741 -0.00568 0.15420 0.98800
45627.37404 2.78631 0.42210 0.02081 -0.00818 -0.00533 0.17221 0.98501
45627.47772 2.97278 0.49456 0.02360 -0.00942 -0.00542 0.18929 0.98186
45627.58145 3.16122 0.57147 0.02451 -0.01097 -0.00553 0.20636 0.97840
45627.68513 3.36861 0.66597 0.02334 -0.01206 -0.00551 0.22538 0.97418
45627.78880 3.55475 0.76554 0.02086 -0.01053 -0.00563 0.24492 0.96947
45627.89248 3.73836 0.87680 0.02027 -0.00840 -0.00570 0.26535 0.96410
45627.99611 3.93955 1.00788 0.02615 -0.00840 -0.00494 0.28813 0.95754
45628.09969 4.12435 1.13423 0.03477 -0.01088 -0.00373 0.31119 0.95028
45628.20333 4.30866 1.27171 0.04025 -0.01275 -0.00330 0.33554 0.94193
45628.30696 4.50786 1.43970 0.04153 -0.01307 -0.00321 0.36156 0.93225
45628.41060 4.68181 1.61289 0.04202 -0.01102 -0.00209 0.38735 0.92186
45628.51427 4.86643 1.82237 0.04066 -0.00858 -0.00104 0.41454 0.90999
45628.61795 5.03271 2.02756 0.04126 -0.00760 0.00011 0.43988 0.89802
45628.72167 5.19244 2.24902 0.04155 -0.00707 0.00171 0.46560 0.88496
45628.82540 5.35870 2.51030 0.03913 -0.00680 0.00293 0.49301 0.86999
45628.92908 5.50277 2.76633 0.03602 -0.00681 0.00375 0.51848 0.85506
45629.03280 5.63620 3.03984 0.03249 -0.00697 0.00502 0.54368 0.83925
45629.13658 5.77237 3.36224 0.02549 -0.00729 0.00589 0.56931 0.82207
45629.24036 5.88190 3.67611 0.02281 -0.00747 0.00727 0.59268 0.80537
45629.34418 5.98340 4.04415 0.02188 -0.00669 0.00959 0.61591 0.78773
45629.44804 6.05872 4.39771 0.01575 -0.00554 0.01117 0.63639 0.77127
45629.55199 6.12296 4.76775 0.00622 -0.00608 0.01115 0.65500 0.75552
45629.65603 6.18129 5.19446 -0.00920 -0.00690 0.01041 0.67174 0.74068
45629.76014 6.21724 5.60254 -0.02676 -0.00717 0.00922 0.68612 0.72739
45629.86425 6.23991 6.06882 -0.04442 -0.00624 0.00842 0.69908 0.71497
45629.96842 6.24276 6.50984 -0.05684 -0.00520 0.00761 0.71042 0.70371
45630.07266 6.23317 6.96565 -0.06502 -0.00468 0.00687 0.72003 0.69390
45630.17697 6.21153 7.48425 -0.07728 -0.00425 0.00591 0.72816 0.68537
45630.28127 6.17979 7.97434 -0.09016 -0.00401 0.00542 0.73400 0.67912
45625.40189 0.00000 0.00000 0.00000 0.00000 0.00000 0.00000 1.00000
45625.50585 0.08860 0.00069 -0.00029 -0.00021 -0.00017 0.00220 1.00000
45625.60978 0.17174 0.00157 -0.00025 -0.00058 -0.00024 0.00463 0.99999
45625.71370 0.25727 0.00321 0.00035 -0.00079 -0.00013 0.00754 0.99997
45625.81766 0.35374 0.00630 0.00094 -0.00111 0.00001 0.01109 0.99994
45625.92158 0.44428 0.00942 0.00074 -0.00121 -0.00010 0.01466 0.99989
45626.02545 0.54802 0.01372 -0.00095 -0.00149 -0.00073 0.01895 0.99982
45626.12927 0.65056 0.01974 -0.00320 -0.00159 -0.00146 0.02430 0.99970
45626.23309 0.76292 0.02771 -0.00491 -0.00150 -0.00189 0.03088 0.99952
45626.33687 0.89875 0.03885 -0.00617 -0.00152 -0.00207 0.03862 0.99925
45626.44061 1.03364 0.05319 -0.00607 -0.00111 -0.00204 0.04726 0.99888
45626.54432 1.19318 0.07401 -0.00516 -0.00012 -0.00214 0.05718 0.99836
45626.64810 1.34645 0.09657 -0.00295 0.00024 -0.00230 0.06774 0.99770
45626.75182 1.50631 0.12150 -0.00162 -0.00082 -0.00286 0.07921 0.99685
45626.85556 1.68847 0.15111 0.00029 -0.00295 -0.00420 0.09218 0.99573
45626.95928 1.86087 0.18380 0.00473 -0.00498 -0.00498 0.10513 0.99443
45627.06301 2.03699 0.22571 0.00840 -0.00566 -0.00531 0.11939 0.99282
45627.16670 2.23605 0.28043 0.01238 -0.00640 -0.00558 0.13555 0.99073
45627.27036 2.42202 0.33454 0.01653 -0.00759 -0.00541 0.15145 0.98842
45627.37404 2.62743 0.40584 0.01948 -0.00836 -0.00506 0.16947 0.98549
45627.47772 2.81430 0.47725 0.02217 -0.00959 -0.00514 0.18656 0.98238
45627.58145 3.00316 0.55312 0.02296 -0.01114 -0.00525 0.20364 0.97897
45627.68513 3.21107 0.64646 0.02166 -0.01222 -0.00522 0.22267 0.97480
45627.78880 3.39776 0.74499 0.01906 -0.01069 -0.00534 0.24223 0.97015
45627.89248 3.58199 0.85522 0.01834 -0.00855 -0.00541 0.26267 0.96483
45627.99611 3.78391 0.98518 0.02408 -0.00855 -0.00465 0.28547 0.95834
45628.09969 3.96941 1.11051 0.03257 -0.01101 -0.00343 0.30855 0.95114
45628.20333 4.15449 1.24696 0.03792 -0.01287 -0.00299 0.33292 0.94286
45628.30696 4.35462 1.41385 0.03904 -0.01318 -0.00290 0.35897 0.93325
45628.41060 4.52953 1.58606 0.03939 -0.01113 -0.00178 0.38479 0.92294
45628.51427 4.71532 1.79451 0.03786 -0.00868 -0.00073 0.41201 0.91114
45628.61795 4.88274 1.99878 0.03830 -0.00768 0.00042 0.43738 0.89924
45628.72167 5.04369 2.21934 0.03843 -0.00714 0.00202 0.46314 0.88625
45628.82540 5.21140 2.47969 0.03584 -0.00686 0.00324 0.49059 0.87136
45628.92908 5.35690 2.73491 0.03256 -0.00686 0.00406 0.51609 0.85649
45629.03280 5.49185 3.00767 0.02886 -0.00701 0.00533 0.54134 0.84076
45629.13658 5.62980 3.32931 0.02166 -0.00732 0.00620 0.56702 0.82365
45629.24036 5.74107 3.64257 0.01882 -0.00748 0.00758 0.59044 0.80701
45629.34418 5.84462 4.01003 0.01769 -0.00669 0.00990 0.61371 0.78944
45629.44804 5.92191 4.36317 0.01138 -0.00553 0.01148 0.63424 0.77303
45629.55199 5.98819 4.73284 0.00168 -0.00606 0.01147 0.65290 0.75734
45629.65603 6.04890 5.15921 -0.01395 -0.00688 0.01073 0.66967 0.74255
45629.76014 6.08710 5.56709 -0.03168 -0.00714 0.00953 0.68410 0.72929
45629.86425 6.11236 6.03322 -0.04954 -0.00621 0.00873 0.69708 0.71691
45629.96842 6.11767 6.47421 -0.06215 -0.00517 0.00792 0.70846 0.70569
45630.07266 6.11060 6.93006 -0.07051 -0.00465 0.00718 0.71809 0.69590
45630.17697 6.09184 7.44877 -0.08297 -0.00421 0.00622 0.72625 0.68739
45630.28127 6.06283 7.93903 -0.09603 -0.00397 0.00573 0.73210 0.68116
45630.38562 6.01854 8.49613 -0.10601 -0.00376 0.00615 0.73712 0.67572
45630.48997 5.97039 9.01709 -0.10797 -0.00424 0.00644 0.74090 0.67157
45630.59432 5.91308 9.60749 -0.10610 -0.00586 0.00594 0.74390 0.66824
45630.69867 5.85282 10.16058 -0.11015 -0.00676 0.00595 0.74581 0.66610
45630.80298 5.78537 10.72740 -0.12114 -0.00634 0.00652 0.74686 0.66492
45630.90728 5.70744 11.36945 -0.13211 -0.00600 0.00794 0.74695 0.66480
45631.01158 5.63651 11.96766 -0.13827 -0.00672 0.00916 0.74661 0.66517
45631.11589 5.56000 12.64245 -0.14791 -0.00751 0.00888 0.74612 0.66571
45631.22009 5.49102 13.27039 -0.16344 -0.00752 0.00740 0.74556 0.66636
45631.32434 5.41220 13.97714 -0.18139 -0.00758 0.00653 0.74502 0.66696
45631.42850 5.33773 14.63628 -0.19676 -0.00803 0.00729 0.74459 0.66744
45631.53266 5.26397 15.30984 -0.21082 -0.00933 0.00808 0.74400 0.66807
45631.63682 5.18276 16.06678 -0.22233 -0.01063 0.00865 0.74338 0.66873
45631.74098 5.10881 16.76897 -0.24380 -0.01111 0.00859 0.74285 0.66931
45631.84509 5.02857 17.55498 -0.27557 -0.01086 0.00690 0.74226 0.66999
45631.94921 4.95583 18.28474 -0.30126 -0.01129 0.00537 0.74178 0.67052
45632.05327 4.88081 19.02514 -0.32129 -0.01133 0.00632 0.74122 0.67114
45632.15733 4.79568 19.84998 -0.34205 -0.01116 0.00785 0.74080 0.67159
45632.26140 4.71977 20.61008 -0.36197 -0.01155 0.00921 0.74050 0.67190
45632.36540 4.63792 21.45138 -0.39152 -0.01006 0.00798 0.74023 0.67223
45632.46942 4.56250 22.22325 -0.41728 -0.00749 0.00587 0.74007 0.67246
45632.57343 4.48486 23.00240 -0.43933 -0.00464 0.00530 0.74012 0.67244
45632.67740 4.39681 23.86854 -0.45377 -0.00353 0.00594 0.74034 0.67219
45632.78141 4.31897 24.66569 -0.45091 -0.00576 0.00798 0.74042 0.67207
45632.88538 4.23290 25.55026 -0.45764 -0.00871 0.01033 0.74052 0.67190
45632.98935 4.15466 26.35533 -0.47217 -0.01142 0.01194 0.74066 0.67168
45633.09332 4.07665 27.16089 -0.49699 -0.01247 0.01154 0.74092 0.67138
45633.19728 3.98983 28.04234 -0.53257 -0.01170 0.01016 0.74113 0.67118
45633.30125 3.90866 28.84435 -0.56609 -0.01038 0.00911 0.74152 0.67079
45633.40517 3.81984 29.73001 -0.59642 -0.01071 0.00845 0.74160 0.67070
45633.50914 3.73982 30.53352 -0.61751 -0.01202 0.00901 0.74176 0.67049
45633.61310 3.65771 31.33586 -0.64086 -0.01219 0.00857 0.74211 0.67012
45633.71707 3.56837 32.21651 -0.67458 -0.01084 0.00695 0.74200 0.67028
45633.82104 3.48751 33.01552 -0.70324 -0.00978 0.00493 0.74207 0.67024
45633.92505 3.39824 33.89567 -0.72342 -0.00958 0.00443 0.74190 0.67043
45634.02902 3.31773 34.69449 -0.73254 -0.00995 0.00538 0.74166 0.67068
45634.13298 3.23584 35.49405 -0.74343 -0.01136 0.00674 0.74179 0.67051
45634.23690 3.14709 36.37479 -0.76198 -0.01307 0.00904 0.74148 0.67079
45634.34087 3.06500 37.17343 -0.78345 -0.01447 0.01018 0.74170 0.67050
45634.44484 2.97540 38.05137 -0.81725 -0.01463 0.00996 0.74161 0.67059
45634.54880 2.89382 38.84662 -0.85736 -0.01321 0.00866 0.74183 0.67040
45634.65282 2.81295 39.64126 -0.89223 -0.01135 0.00711 0.74177 0.67052
45634.75678 2.72724 40.51690 -0.92310 -0.01118 0.00497 0.74162 0.67071
45634.86070 2.65093 41.31240 -0.94890 -0.01194 0.00261 0.74183 0.67047
45634.96467 2.56472 42.18723 -0.96612 -0.01136 0.00197 0.74202 0.67028
45635.06859 2.48091 42.97707 -0.98188 -0.00921 0.00177 0.74245 0.66984
45635.17255 2.39717 43.76653 -0.99640 -0.00708 0.00245 0.74291 0.66935
45635.27647 2.30496 44.63344 -1.00203 -0.00736 0.00365 0.74338 0.66881
45635.38044 2.21893 45.41996 -1.00200 -0.00888 0.00606 0.74398 0.66812
45635.48436 2.12220 46.28202 -1.00909 -0.00972 0.00819 0.74464 0.66735
45635.58828 2.03157 47.06089 -1.02832 -0.00913 0.00897 0.74520 0.66672
45635.69220 1.94567 47.83375 -1.04943 -0.00912 0.00765 0.74563 0.66625
45635.79617 1.85291 48.68087 -1.07414 -0.00893 0.00496 0.74610 0.66576
45635.90025 1.76871 49.44831 -1.09235 -0.00961 0.00248 0.74655 0.66525
45636.00400 1.67535 50.28948 -1.10194 -0.01100 0.00116 0.74694 0.66480
45636.10792 1.58667 51.04973 -1.11050 -0.01187 0.00189 0.74725 0.66443
45636.21184 1.49714 51.80643 -1.12296 -0.01238 0.00143 0.74769 0.66393
45636.31575 1.40104 52.63421 -1.13583 -0.01276 0.00042 0.74794 0.66364
45636.41968 1.31130 53.38395 -1.14683 -0.01300 0.00095 0.74815 0.66340
45636.52364 1.21047 54.20160 -1.15948 -0.01317 0.00213 0.74827 0.66327
45636.62756 1.12148 54.94282 -1.17126 -0.01471 0.00360 0.74822 0.66328
45636.73153 1.03322 55.67914 -1.18805 -0.01578 0.00451 0.74832 0.66314
45636.83545 0.93447 56.48204 -1.21314 -0.01592 0.00469 0.74862 0.66279
45636.93936 0.84537 57.20483 -1.23933 -0.01518 0.00459 0.74881 0.66259
45637.04333 0.75782 57.91689 -1.26524 -0.01404 0.00353 0.74891 0.66252
45637.14730 0.66208 58.69012 -1.28919 -0.01278 0.00251 0.74899 0.66245
45637.25126 0.57737 59.38007 -1.30741 -0.01187 0.00159 0.74876 0.66274
45637.35528 0.48683 60.12454 -1.32090 -0.01188 0.00030 0.74816 0.66341
45637.45934 0.40802 60.78650 -1.32746 -0.01271 -0.00033 0.74710 0.66459
45637.56341 0.33204 61.43201 -1.33406 -0.01297 0.00003 0.74560 0.66627
45637.66747 0.25235 62.12787 -1.34141 -0.01301 0.00099 0.74332 0.66880
45637.77158 0.18628 62.74624 -1.34771 -0.01346 0.00134 0.74094 0.67144
45637.87574 0.12291 63.41260 -1.35525 -0.01465 0.00110 0.73713 0.67559
45637.97990 0.07470 64.00352 -1.36582 -0.01609 0.00058 0.73272 0.68033
45638.08410 0.03147 64.63696 -1.37986 -0.01726 0.00002 0.72652 0.68693
45638.18836 0.00378 65.19332 -1.39227 -0.01785 -0.00043 0.71961 0.69414
45638.29266 -0.01212 65.73146 -1.40338 -0.01824 -0.00068 0.71143 0.70252
45638.39701 -0.01811 66.30171 -1.41731 -0.01749 -0.00053 0.70107 0.71288
45638.50141 -0.00715 66.79777 -1.42887 -0.01675 -0.00038 0.68940 0.72419
45638.60581 0.02226 67.32302 -1.44079 -0.01638 -0.00001 0.67581 0.73690
45638.71026 0.06522 67.78372 -1.45007 -0.01599 -0.00030 0.66131 0.74994
45638.81470 0.13079 68.28111 -1.45844 -0.01588 0.00004 0.64433 0.76459
45638.91915 0.21228 68.72532 -1.46464 -0.01474 0.00027 0.62618 0.77954
45639.02359 0.31671 69.20346 -1.47032 -0.01130 0.00158 0.60561 0.79568
45639.12799 0.43230 69.62893 -1.47535 -0.00809 0.00220 0.58500 0.81099
45639.23240 0.57024 70.04543 -1.48344 -0.00454 0.00296 0.56320 0.82631
45639.33675 0.74997 70.49240 -1.49312 -0.00401 0.00320 0.53926 0.84212
45639.44105 0.93915 70.88493 -1.50052 -0.00391 0.00341 0.51653 0.85625
45639.54530 1.16302 71.30617 -1.50571 -0.00153 0.00517 0.49310 0.86996
45639.64956 1.37801 71.67791 -1.50441 0.00294 0.00861 0.47048 0.88237
45639.75381 1.63324 72.06805 -1.50637 0.00519 0.00840 0.44637 0.89479
45639.85807 1.89203 72.40242 -1.51447 0.00569 0.00530 0.42258 0.90629
45639.96233 2.17467 72.72762 -1.53145 0.00651 0.00059 0.39770 0.91749
45640.06658 2.51191 73.07314 -1.54743 0.00642 -0.00444 0.37063 0.92875
45640.17083 2.84967 73.37903 -1.54790 0.00614 -0.00659 0.34400 0.93893
45640.27504 3.24917 73.70725 -1.54397 0.00656 -0.00717 0.31559 0.94884
45640.37920 3.64510 73.98783 -1.54063 0.00604 -0.00876 0.28840 0.95745
45640.48326 4.06963 74.25240 -1.52352 0.00567 -0.00808 0.26228 0.96494
45640.58723 4.56411 74.52913 -1.50561 0.00345 -0.00802 0.23821 0.97118
45640.69115 5.04297 74.76007 -1.49789 0.00125 -0.00915 0.21598 0.97635
45640.79497 5.59342 74.99753 -1.48798 -0.00104 -0.00917 0.19625 0.98051
45640.89865 6.11759 75.20244 -1.47203 -0.00208 -0.00834 0.17996 0.98364
45641.00237 6.65682 75.39878 -1.45737 -0.00177 -0.00750 0.16660 0.98599
45641.10605 7.26968 75.60676 -1.44510 -0.00138 -0.00670 0.15522 0.98786
45641.20973 7.84641 75.78505 -1.43478 -0.00209 -0.00529 0.14569 0.98931
45641.31346 8.44084 75.95542 -1.43077 -0.00366 -0.00476 0.13758 0.99047
45641.41714 9.10970 76.13515 -1.42516 -0.00560 -0.00436 0.13060 0.99141
45641.52086 9.73284 76.29689 -1.42338 -0.00554 -0.00413 0.12415 0.99224
45641.62459 10.43442 76.47235 -1.42285 -0.00547 -0.00425 0.11713 0.99309
45641.72841 11.09031 76.62408 -1.42478 -0.00563 -0.00413 0.11014 0.99389
45641.83219 11.76061 76.76767 -1.42655 -0.00643 -0.00352 0.10300 0.99465
45641.93596 12.51425 76.91975 -1.42862 -0.00649 -0.00420 0.09600 0.99535
45642.03978 13.21116 77.05025 -1.42830 -0.00755 -0.00625 0.09048 0.99585
45642.14356 13.99187 77.18944 -1.43122 -0.00671 -0.00966 0.08547 0.99627
45642.24733 14.71527 77.31284 -1.42603 -0.00683 -0.01014 0.08148 0.99660
45642.35111 15.44845 77.43062 -1.40779 -0.00677 -0.00796 0.07801 0.99690
45642.45484 16.26308 77.55241 -1.38180 -0.00908 -0.00406 0.07519 0.99712
45642.55861 17.00132 77.65935 -1.36907 -0.01026 -0.00168 0.07307 0.99727
45642.66238 17.73883 77.76646 -1.37136 -0.00950 -0.00162 0.07129 0.99741
45642.76621 18.54923 77.88111 -1.37495 -0.00966 -0.00250 0.06951 0.99753
45642.87000 19.28696 77.98292 -1.37576 -0.00921 -0.00225 0.06799 0.99764
45642.97381 20.09935 78.09545 -1.37573 -0.00833 -0.00080 0.06672 0.99774
45643.07758 20.83723 78.19670 -1.37715 -0.00727 0.00036 0.06571 0.99781
45643.18140 21.57407 78.29452 -1.38365 -0.00639 -0.00046 0.06444 0.99790
45643.28523 22.38159 78.39823 -1.39913 -0.00728 -0.00389 0.06348 0.99795
45643.38905 23.11417 78.48954 -1.40512 -0.00807 -0.00746 0.06255 0.99798
45643.49287 23.84328 78.58225 -1.40376 -0.00863 -0.00982 0.06227 0.99797
45643.59674 24.64772 78.68417 -1.38640 -0.00903 -0.00998 0.06148 0.99802
45643.70062 25.37954 78.77228 -1.36481 -0.00998 -0.00880 0.06046 0.99808
45643.80443 26.18299 78.86589 -1.33844 -0.01284 -0.00616 0.05918 0.99815
45643.90831 26.90999 78.95066 -1.32777 -0.01293 -0.00500 0.05803 0.99822
45644.01213 27.63336 79.03775 -1.32116 -0.01138 -0.00469 0.05718 0.99829
45644.11595 28.42694 79.13348 -1.31105 -0.00998 -0.00435 0.05659 0.99834
45644.21982 29.15167 79.21620 -1.30858 -0.01009 -0.00461 0.05609 0.99836
45644.32369 29.95106 79.30861 -1.30626 -0.00860 -0.00596 0.05563 0.99840
45644.42756 30.68400 79.39469 -1.29809 -0.00781 -0.00614 0.05537 0.99842
45644.53144 31.41891 79.47634 -1.29116 -0.00921 -0.00588 0.05491 0.99843
45644.63526 32.23383 79.56437 -1.28559 -0.00939 -0.00627 0.05438 0.99846
45644.73913 32.97934 79.64754 -1.27761 -0.01006 -0.00641 0.05499 0.99842
45644.84295 33.72961 79.73368 -1.26938 -0.00851 -0.00618 0.05575 0.99839
45644.94677 34.56234 79.82927 -1.26306 -0.00886 -0.00646 0.05723 0.99830
45645.05059 35.32267 79.91670 -1.25397 -0.01047 -0.00638 0.05889 0.99819
45645.15442 36.16506 80.01485 -1.24825 -0.01150 -0.00816 0.06036 0.99808
45645.25829 36.93635 80.10973 -1.24178 -0.01185 -0.01025 0.06172 0.99797
45645.36211 37.71393 80.20724 -1.23010 -0.01145 -0.01113 0.06271 0.99790
45645.46599 38.57569 80.31623 -1.20542 -0.01165 -0.01090 0.06379 0.99784
45645.56986 39.36400 80.41929 -1.18167 -0.01165 -0.01029 0.06486 0.99777
45645.67377 40.23731 80.53780 -1.16005 -0.01071 -0.00983 0.06590 0.99772
45645.77769 41.03897 80.64496 -1.13943 -0.01089 -0.00844 0.06655 0.99769
45645.88156 41.84686 80.75522 -1.12023 -0.01066 -0.00635 0.06709 0.99767
45645.98548 42.74146 80.88036 -1.10621 -0.01058 -0.00502 0.06687 0.99769
45646.08940 43.56085 80.98941 -1.10175 -0.01219 -0.00487 0.06616 0.99772
45646.19332 44.38718 81.09743 -1.10149 -0.01297 -0.00532 0.06544 0.99776
45646.29724 45.29856 81.21679 -1.09989 -0.01288 -0.00667 0.06461 0.99780
45646.40116 46.13114 81.32771 -1.09328 -0.01103 -0.00705 0.06379 0.99788
45646.50508 47.04948 81.44729 -1.08624 -0.00976 -0.00791 0.06275 0.99795
45646.60895 47.88549 81.55359 -1.07113 -0.00905 -0.00714 0.06199 0.99801
45646.71287 48.72340 81.66263 -1.05717 -0.00743 -0.00559 0.06166 0.99805
45646.81673 49.64214 81.78089 -1.04752 -0.00633 -0.00486 0.06116 0.99810
45646.92065 50.47850 81.88363 -1.04170 -0.00636 -0.00589 0.06063 0.99812
45647.02457 51.39095 81.99356 -1.03833 -0.00754 -0.00880 0.06035 0.99811
45647.12849 52.21975 82.09316 -1.02837 -0.00810 -0.01129 0.05992 0.99811
45647.23246 53.04458 82.18974 -1.01172 -0.01054 -0.01437 0.05971 0.99806
45647.33638 53.94716 82.29436 -0.97721 -0.01259 -0.01537 0.05925 0.99805
45647.44029 54.76825 82.39354 -0.94159 -0.01171 -0.01353 0.05913 0.99809
45647.54426 55.66516 82.50346 -0.89806 -0.01103 -0.00881 0.05928 0.99814
45647.64813 56.47962 82.59932 -0.86327 -0.01156 -0.00514 0.05968 0.99814
45647.75205 57.28712 82.69836 -0.85443 -0.01112 -0.00510 0.06072 0.99808
45647.85597 58.16899 82.81114 -0.85226 -0.00755 -0.00637 0.06184 0.99804
45647.95989 58.96862 82.91489 -0.84352 -0.00611 -0.00694 0.06305 0.99797
45648.06381 59.83965 83.02576 -0.83089 -0.00648 -0.00790 0.06428 0.99788
45648.16768 60.62926 83.12630 -0.81741 -0.00757 -0.00922 0.06563 0.99777
45648.27160 61.41358 83.23128 -0.80473 -0.00800 -0.01059 0.06760 0.99762
45648.37552 62.26938 83.34880 -0.78414 -0.00883 -0.01264 0.06924 0.99748
45648.47948 63.04513 83.45403 -0.75511 -0.01135 -0.01288 0.07079 0.99734
45648.58340 63.81675 83.56066 -0.72881 -0.01303 -0.01272 0.07251 0.99720
45648.68732 64.66010 83.68315 -0.69282 -0.01520 -0.01109 0.07460 0.99704
45648.79124 65.42390 83.79701 -0.66076 -0.01651 -0.00804 0.07645 0.99690
45648.89511 66.25974 83.92682 -0.63763 -0.01584 -0.00609 0.07892 0.99674
45648.99903 67.01338 84.04909 -0.62733 -0.01581 -0.00560 0.08198 0.99649
45649.10295 67.76396 84.17515 -0.61694 -0.01452 -0.00374 0.08478 0.99629
45649.20686 68.58499 84.32074 -0.61360 -0.01345 -0.00298 0.08820 0.99601
45649.31078 69.32856 84.45286 -0.61197 -0.01478 -0.00325 0.09127 0.99571
45649.41475 70.14250 84.59848 -0.61727 -0.01723 -0.00451 0.09419 0.99539
45649.51868 70.87490 84.74011 -0.61902 -0.01673 -0.00623 0.09723 0.99510
45649.62264 71.60443 84.88479 -0.61328 -0.01718 -0.00699 0.09992 0.99482
45649.72656 72.40737 85.04316 -0.60273 -0.01835 -0.00594 0.10231 0.99457
45649.83053 73.13392 85.19160 -0.59476 -0.01926 -0.00373 0.10494 0.99428
45649.93444 73.92864 85.36154 -0.58174 -0.01883 -0.00223 0.10806 0.99396
45650.03836 74.64400 85.51884 -0.58402 -0.01837 -0.00328 0.11143 0.99360
45650.14228 75.35438 85.68117 -0.59554 -0.01737 -0.00662 0.11529 0.99316
45650.24617 76.12986 85.86429 -0.59508 -0.01645 -0.00823 0.12002 0.99260
45650.35002 76.83250 86.03678 -0.57957 -0.01674 -0.00718 0.12481 0.99201
45650.45389 77.60258 86.23521 -0.56820 -0.01533 -0.00474 0.13054 0.99131
45650.55777 78.29715 86.42135 -0.55841 -0.01624 -0.00071 0.13624 0.99054
45650.66164 78.98786 86.61610 -0.55400 -0.01589 0.00158 0.14179 0.98977
45650.76550 79.74014 86.83442 -0.56279 -0.01785 -0.00030 0.14785 0.98885
45650.86938 80.41736 87.03769 -0.57772 -0.01856 -0.00454 0.15368 0.98794
45650.97325 81.09260 87.25185 -0.59044 -0.01831 -0.00789 0.15951 0.98699
45651.07717 81.83166 87.50136 -0.59075 -0.01753 -0.00661 0.16612 0.98593
45651.18104 82.50710 87.73595 -0.57816 -0.01746 -0.00308 0.17187 0.98496
45651.28491 83.25113 88.00214 -0.56919 -0.01736 0.00005 0.17799 0.98388
45651.38878 83.92213 88.25680 -0.57817 -0.01648 -0.00009 0.18478 0.98264
45651.49269 84.58682 88.52118 -0.59469 -0.01531 -0.00187 0.19104 0.98146
45651.59666 85.31639 88.81897 -0.60532 -0.01434 -0.00470 0.19643 0.98040
45651.70058 85.97928 89.09745 -0.61211 -0.01276 -0.00775 0.20059 0.97956
45651.80457 86.70875 89.41280 -0.61030 -0.01162 -0.00903 0.20464 0.97873
45651.90847 87.37125 89.69991 -0.59979 -0.01430 -0.01007 0.20851 0.97786
45652.01239 88.03295 89.99237 -0.58002 -0.01551 -0.00970 0.21243 0.97701
45652.11630 88.75879 90.32687 -0.56405 -0.01579 -0.00719 0.21691 0.97604
45652.22028 89.41745 90.64095 -0.55302 -0.01416 -0.00324 0.22056 0.97527
45652.32424 90.14507 90.98623 -0.53963 -0.01734 0.00011 0.22362 0.97452
45652.42821 90.80766 91.29770 -0.54858 -0.02105 -0.00122 0.22646 0.97379
45652.53217 91.46455 91.61444 -0.56909 -0.02176 -0.00510 0.22958 0.97303
45652.63614 92.18243 91.97688 -0.58675 -0.01852 -0.00850 0.23259 0.97236
45652.74011 92.83721 92.31059 -0.58975 -0.01785 -0.00915 0.23483 0.97183
45652.84407 93.56415 92.67507 -0.58037 -0.02138 -0.00782 0.23698 0.97125
45652.94799 94.22476 93.01507 -0.57192 -0.02255 -0.00556 0.23957 0.97060
45653.05196 94.87920 93.36261 -0.56745 -0.02126 -0.00547 0.24247 0.96991
45653.15592 95.59812 93.74566 -0.57229 -0.02104 -0.00806 0.24526 0.96919
45653.25984 96.25090 94.09656 -0.57855 -0.01989 -0.01159 0.24783 0.96853
45653.36376 96.96520 94.48724 -0.57256 -0.02021 -0.01306 0.25062 0.96779
45653.46773 97.61570 94.84634 -0.55157 -0.02153 -0.01185 0.25275 0.96722
45653.57164 98.26355 95.20694 -0.53399 -0.02237 -0.01049 0.25478 0.96668
45653.67556 98.97214 95.60668 -0.51995 -0.02307 -0.00997 0.25728 0.96601
